00000000000000000000000000000000
00000000000000000000000000000000
00000000000000000000000000000000
00000000000000000000000000000000
00000000000000000000000000000000
00000000000000000000000000000000
00001111111111100000000000000000
00011111111111111000000000000000
00011111111111111111000000000000
00011110111111111111000000000000
00011100000000111111000000000000
00011100000000011111000000000000
00011100000000001111000000000000
00011100000000001111100000000000
00011100000000000111110000000000
00011100000000000011110000000000
00011100000000000001110000000000
00011100000000000001110000000000
00011100000000000001110000000000
00011100000000000011110000000000
00011111000000000111110000000000
00011111100000011111110000000000
00001111111110111111100000000000
00000111111111111110000000000000
00000001111111111100000000000000
00000000001111110000000000000000
00000000000000000000000000000000
00000000000000000000000000000000
00000000000000000000000000000000
00000000000000000000000000000000
00000000000000000000000000000000
00000000000000000000000000000000
