00000000000000000000000000000000
00000000000000000000000000000000
00000000000000000000000000000000
00000000000000000000000000000000
00000000000000000000000000000000
00000000000000000000000000000000
00000000011111111100000000000000
00000000111111111111100000000000
00000000111111111111110000000000
00000000111100001111110000000000
00000000111000000011111000000000
00000000111000000001111000000000
00000001111000000001111000000000
00000001111000000000111000000000
00000001110000000001111000000000
00000001110000000001111000000000
00000001110000000011110000000000
00000001110000000011110000000000
00000001111000000111110000000000
00000001111100000111100000000000
00000001111110001111100000000000
00000000111111111111000000000000
00000000011111111111000000000000
00000000001111111100000000000000
00000000000000000000000000000000
00000000000000000000000000000000
00000000000000000000000000000000
00000000000000000000000000000000
00000000000000000000000000000000
00000000000000000000000000000000
00000000000000000000000000000000
00000000000000000000000000000000
