00000000000000000000000000000000
00000000000000000000000000000000
00000000000000000000000000000000
00000000000000000000000000000000
00000000000000000000000000000000
00000000000000000000000000000000
00000000000001110000000000000000
00000000000011111000000000000000
00000000000111111100000000000000
00000000001111111110000000000000
00000000011111111111000000000000
00000000011111001111100000000000
00000000111110000111100000000000
00000000111100000111100000000000
00000000111100000011100000000000
00000000111000000011100000000000
00000001111000000011100000000000
00000001111000000111100000000000
00000001110000000111100000000000
00000001111000001111000000000000
00000001111000011111000000000000
00000001111101111111000000000000
00000000111111111110000000000000
00000000111111111100000000000000
00000000011111110000000000000000
00000000000000000000000000000000
00000000000000000000000000000000
00000000000000000000000000000000
00000000000000000000000000000000
00000000000000000000000000000000
00000000000000000000000000000000
00000000000000000000000000000000
