00000000000000000000000000000000
00000000000000000000000000000000
00000000000000000000000000000000
00000000000000000000000000000000
00000000000000000000000000000000
00000000000000000000000000000000
00000000000000111100000000000000
00000000000000111110000000000000
00000000000001111111000000000000
00000000000001111111100000000000
00000000000011111111110000000000
00000000000011110011111000000000
00000000000111100001111000000000
00000000000111100000111000000000
00000000001111000000111000000000
00000000001111000000111000000000
00000000001110000000111000000000
00000000001110000000111000000000
00000000001110000001111000000000
00000000001110000001111000000000
00000000001111100111110000000000
00000000001111111111110000000000
00000000000111111111100000000000
00000000000011111111000000000000
00000000000000000000000000000000
00000000000000000000000000000000
00000000000000000000000000000000
00000000000000000000000000000000
00000000000000000000000000000000
00000000000000000000000000000000
00000000000000000000000000000000
00000000000000000000000000000000
