00000000000000000000000000000000
00000000000000000000000000000000
00000000000000000000000000000000
00000000000000000000000000000000
00000000000001111000000000000000
00000000001111111111000000000000
00000000011111111111100000000000
00000000011111111111100000000000
00000000111110000111110000000000
00000000111100000011110000000000
00000000111100000011110000000000
00000001111000000001110000000000
00000001111000000001110000000000
00000001111000000001110000000000
00000001111000000001110000000000
00000001111000000001110000000000
00000001111000000001110000000000
00000000111000000001110000000000
00000000111100000011110000000000
00000000111100000011110000000000
00000000111111001111110000000000
00000000011111111111100000000000
00000000001111111111100000000000
00000000000111111110000000000000
00000000000011110000000000000000
00000000000000000000000000000000
00000000000000000000000000000000
00000000000000000000000000000000
00000000000000000000000000000000
00000000000000000000000000000000
00000000000000000000000000000000
00000000000000000000000000000000
