00000000000000000000000000000000
00000000000000000000000000000000
00000000000000000000000000000000
00000000000000000000000000000000
00000000000111111100000000000000
00000000001111111111000000000000
00000000011111111111000000000000
00000000011111011111100000000000
00000000111110000111100000000000
00000000111100000111110000000000
00000001111100000011110000000000
00000001111000000011111000000000
00000001111000000001111000000000
00000001110000000001111000000000
00000001110000000000111100000000
00000001110000000000111100000000
00000001110000000000111100000000
00000001110000000000011100000000
00000001110000000000011100000000
00000001110000000000011100000000
00000001111000000000011100000000
00000001111000000000111100000000
00000001111100000000111100000000
00000000111100000011111100000000
00000000111111111111111000000000
00000000011111111111110000000000
00000000011111111111100000000000
00000000000000000000000000000000
00000000000000000000000000000000
00000000000000000000000000000000
00000000000000000000000000000000
00000000000000000000000000000000
