00000000000000000000000000000000
00000000000000000000000000000000
00000000000000000000000000000000
00000000000000000000000000000000
00000000000000000000000000000000
00000000000000111110000000000000
00000000000001111111100000000000
00000000000011111111110000000000
00000000000111111111110000000000
00000000000111100011111000000000
00000000001111000001111000000000
00000000011111000000111100000000
00000000011110000000111100000000
00000000011100000000111100000000
00000000011100000000111100000000
00000000011100000000111100000000
00000000011100000001111000000000
00000000011100000011111000000000
00000000011100000011110000000000
00000000011111001111110000000000
00000000011111111111100000000000
00000000001111111111000000000000
00000000000111111110000000000000
00000000000000111000000000000000
00000000000000000000000000000000
00000000000000000000000000000000
00000000000000000000000000000000
00000000000000000000000000000000
00000000000000000000000000000000
00000000000000000000000000000000
00000000000000000000000000000000
00000000000000000000000000000000
