00000000000000000000000000000000
00000000000000000000000000000000
00000000000000000000000000000000
00000000000000000000000000000000
00000000000000000000000000000000
00000000000000000000000000000000
00000000000000000000000000000000
00000000000000000000000000000000
00000000000000111111000000000000
00000000000111111111110000000000
00000000001111111111110000000000
00000000011111110011111000000000
00000000011111000001111000000000
00000000111110000001111000000000
00000000111100000001111000000000
00000000111000000001110000000000
00000000111000000011110000000000
00000000111000001111110000000000
00000000111000011111110000000000
00000000111101111111100000000000
00000000111111111110000000000000
00000000111111111000000000000000
00000000011111110000000000000000
00000000001111100000000000000000
00000000000000000000000000000000
00000000000000000000000000000000
00000000000000000000000000000000
00000000000000000000000000000000
00000000000000000000000000000000
00000000000000000000000000000000
00000000000000000000000000000000
00000000000000000000000000000000
