00000000000000000000000000000000
00000000000000000000000000000000
00000000000000000000000000000000
00000000000000000000000000000000
00000000000011111110000000000000
00000000001111111111000000000000
00000000011111111111110000000000
00000000111111001111111000000000
00000000111110000111111100000000
00000001111100000001111100000000
00000001111000000000111100000000
00000001111000000000011100000000
00000001110000000000011100000000
00000001110000000000011100000000
00000001110000000000011100000000
00000001110000000000111100000000
00000001110000000000111100000000
00000001110000000000111000000000
00000001111000000000111000000000
00000001111000000001111000000000
00000001111000000001111000000000
00000000111100000011110000000000
00000000111110000011110000000000
00000000111111100111110000000000
00000000011111111111100000000000
00000000001111111111100000000000
00000000000011111111000000000000
00000000000000000000000000000000
00000000000000000000000000000000
00000000000000000000000000000000
00000000000000000000000000000000
00000000000000000000000000000000
