00000000000000000000000000000000
00000000000000000000000000000000
00000000000000000000000000000000
00000000000000000000000000000000
00000000000000111100000000000000
00000000001111111111000000000000
00000000011111111111000000000000
00000000111111111111100000000000
00000000111110000111100000000000
00000000111100000111110000000000
00000001111000000011110000000000
00000001111000000011110000000000
00000001111000000001110000000000
00000001110000000001110000000000
00000001110000000001110000000000
00000001110000000001110000000000
00000001111000000001110000000000
00000001111000000011110000000000
00000001111000000011110000000000
00000000111100000111110000000000
00000000111110001111100000000000
00000000111111011111100000000000
00000000011111111111000000000000
00000000001111111110000000000000
00000000000111111100000000000000
00000000000000000000000000000000
00000000000000000000000000000000
00000000000000000000000000000000
00000000000000000000000000000000
00000000000000000000000000000000
00000000000000000000000000000000
00000000000000000000000000000000
