00000000000000000000000000000000
00000000000000000000000000000000
00000000000000000000000000000000
00000000000000000000000000000000
00000000000111110000000000000000
00000000011111111100000000000000
00000000111111111110000000000000
00000000111111111110000000000000
00000001111000011111000000000000
00000001111000001111000000000000
00000001110000001111000000000000
00000011110000000111000000000000
00000011110000000111000000000000
00000011100000000111000000000000
00000011100000000111000000000000
00000011100000001111000000000000
00000011100000001111000000000000
00000011100000011110000000000000
00000011100000011110000000000000
00000011100000111110000000000000
00000011110001111100000000000000
00000011111011111100000000000000
00000011111111111000000000000000
00000001111111110000000000000000
00000000111111100000000000000000
00000000000000000000000000000000
00000000000000000000000000000000
00000000000000000000000000000000
00000000000000000000000000000000
00000000000000000000000000000000
00000000000000000000000000000000
00000000000000000000000000000000
