00000000000000000000000000000000
00000000000000000000000000000000
00000000000000000000000000000000
00000000000000000000000000000000
00000000000000111111111100000000
00000000000001111111111110000000
00000000000001111111111111000000
00000000000011111111011111000000
00000000000011111100001111000000
00000000000111111000000111000000
00000000001111100000000111100000
00000000001111000000000111100000
00000000011110000000000011100000
00000000111110000000000011100000
00000000111100000000000011100000
00000000111000000000000011100000
00000000111000000000000011100000
00000001111000000000000111100000
00000001111000000000000111100000
00000001110000000000000111000000
00000001110000000000000111000000
00000001111000000000000111000000
00000001111000000000001111000000
00000000111100000000001111000000
00000000111100000000011110000000
00000000111110000000111110000000
00000000011111110001111100000000
00000000001111111111111000000000
00000000000111111111110000000000
00000000000001111111100000000000
00000000000000000000000000000000
00000000000000000000000000000000
