00000000000000000000000000000000
00000000000000000000000000000000
00000000000000000000000000000000
00000000000000000000000000000000
00000000000000000000000000000000
00000000000000011111100000000000
00000000000000111111111000000000
00000000000000111111111000000000
00000000000001111111111100000000
00000000000011111000111100000000
00000000000111110000011100000000
00000000001111100000011100000000
00000000011111000000011100000000
00000000011111000000011100000000
00000000111100000000011100000000
00000000111100000000011100000000
00000000111000000000011100000000
00000000111000000000011100000000
00000001111000000000111100000000
00000001111000000000111100000000
00000001110000000000111000000000
00000001111000000001111000000000
00000001111100000111111000000000
00000001111111101111110000000000
00000000111111111111100000000000
00000000001111111111000000000000
00000000000011111110000000000000
00000000000000000000000000000000
00000000000000000000000000000000
00000000000000000000000000000000
00000000000000000000000000000000
00000000000000000000000000000000
