00000000000000000000000000000000
00000000000000000000000000000000
00000000000000000000000000000000
00000000001111110000000000000000
00000000011111111111000000000000
00000000011111111111100000000000
00000000111111111111100000000000
00000001111100000111110000000000
00000001111100000011110000000000
00000001111000000011110000000000
00000011110000000001110000000000
00000011110000000001110000000000
00000011110000000001110000000000
00000011100000000001110000000000
00000111100000000001110000000000
00000111100000000001110000000000
00000111100000000001110000000000
00000111000000000001110000000000
00000111100000000001110000000000
00000111100000000011110000000000
00000011100000000011110000000000
00000011110000000111110000000000
00000011110000001111100000000000
00000011111000111111100000000000
00000001111111111111000000000000
00000001111111111100000000000000
00000000011111111000000000000000
00000000000011110000000000000000
00000000000000000000000000000000
00000000000000000000000000000000
00000000000000000000000000000000
00000000000000000000000000000000
