00000000000000000000000000000000
00000000000000000000000000000000
00000000000000000000000000000000
00000000000000000000000000000000
00000000000011111111000000000000
00000000000111111111100000000000
00000000001111111111100000000000
00000000001111101111110000000000
00000000011111000011110000000000
00000000011110000011110000000000
00000000111110000001111000000000
00000000111100000001111000000000
00000000111100000001111000000000
00000001111000000000111000000000
00000001111000000000111000000000
00000001110000000000111000000000
00000001110000000000111000000000
00000001110000000000111000000000
00000001110000000000111000000000
00000001110000000000111000000000
00000001111000000000111000000000
00000001111100000000111000000000
00000001111110000001111000000000
00000000111111000111111000000000
00000000011111111111111000000000
00000000001111111111110000000000
00000000000011111111000000000000
00000000000000000000000000000000
00000000000000000000000000000000
00000000000000000000000000000000
00000000000000000000000000000000
00000000000000000000000000000000
