00000000000000000000000000000000
00000000000000000000000000000000
00000000000000000000000000000000
00000000000000000000000000000000
00000000000000000000000000000000
00000000000000000000000000000000
00000000001111110000000000000000
00000000011111111110000000000000
00000000111111111111000000000000
00000000111110011111100000000000
00000001111100001111100000000000
00000001111000000111110000000000
00000001111000000011110000000000
00000001110000000011110000000000
00000001110000000001110000000000
00000001110000000001110000000000
00000001110000000001110000000000
00000001110000000001110000000000
00000001110000000011110000000000
00000001110000000011110000000000
00000001110000000111110000000000
00000001111000000111100000000000
00000001111000000111100000000000
00000001111100001111000000000000
00000000111111111111000000000000
00000000111111111111000000000000
00000000011111111110000000000000
00000000000000000000000000000000
00000000000000000000000000000000
00000000000000000000000000000000
00000000000000000000000000000000
00000000000000000000000000000000
