00000000000000000000000000000000
00000000000000000000000000000000
00000000000000000000000000000000
00000111000000000000000000000000
00000111100000000000000000000000
00000111100000000000000000000000
00000111100000000000000000000000
00000011100000000000000000000000
00000111100000000000000000000000
00000111100000000000000000000000
00000111100000000000000000000000
00000111100000000000000000000000
00000111100000000000000000000000
00000011100000000000000000000000
00000011100000000000000000000000
00000111100000000000000000000000
00000111100000000000000000000000
00000111100000000000000000000000
00000111000000000000000000000000
00000111000000000000000000000000
00000111000000000000000000000000
00000111000000000000000000000000
00000111000000000000000000000000
00000111000000000000000000000000
00000111000000000000000000000000
00000111000000000000000000000000
00000111000000000000000000000000
00000111000000000000000000000000
00000111000000000000000000000000
00000000000000000000000000000000
00000000000000000000000000000000
00000000000000000000000000000000
