00000000000000000000000000000000
00000000000000000000000000000000
00011100000000000000000000000000
00011100000000000000000000000000
00011100000000000000000000000000
00011100000000000000000000000000
00011100000000000000000000000000
00011100000000000000000000000000
00011100000000000000000000000000
00011100000000000000000000000000
00011100000000000000000000000000
00011100000000000000000000000000
00011100000000000000000000000000
00011100000000000000000000000000
00011100000000000000000000000000
00011100000000000000000000000000
00011100000000000000000000000000
00011100000000000000000000000000
00011100000000000000000000000000
00011100000000000000000000000000
00011100000000000000000000000000
00111100000000000000000000000000
00111100000000000000000000000000
00111000000000000000000000000000
00111000000000000000000000000000
00111000000000000000000000000000
00111000000000000000000000000000
00111000000000000000000000000000
00000000000000000000000000000000
00000000000000000000000000000000
00000000000000000000000000000000
00000000000000000000000000000000
