00000000000000000000000000000000
00000000000000000000000000000000
00000000000000000000000000000000
00000000000000000000000000000000
00000000000000000000000000000000
00001110000000000000000000000000
00001110000000000000000000000000
00001110000000000000000000000000
00001110000000000000000000000000
00001110000000000000000000000000
00001110000000000000000000000000
00001110000000000000000000000000
00001110000000000000000000000000
00001110000000000000000000000000
00001110000000000000000000000000
00001110000000000000000000000000
00001110000000000000000000000000
00001110000000000000000000000000
00001110000000000000000000000000
00001110000000000000000000000000
00001110000000000000000000000000
00001110000000000000000000000000
00001110000000000000000000000000
00001110000000000000000000000000
00000000000000000000000000000000
00000000000000000000000000000000
00000000000000000000000000000000
00000000000000000000000000000000
00000000000000000000000000000000
00000000000000000000000000000000
00000000000000000000000000000000
00000000000000000000000000000000
