00000000000000000000000000000000
00000000000000000000000000000000
00000000111000000000000000000000
00000000111000000000000000000000
00000000111000000000000000000000
00000000111000000000000000000000
00000001111000000000000000000000
00000001111000000000000000000000
00000001110000000000000000000000
00000001110000000000000000000000
00000001110000000000000000000000
00000001110000000000000000000000
00000001110000000000000000000000
00000001110000000000000000000000
00000001110000000000000000000000
00000001110000000000000000000000
00000001110000000000000000000000
00000001110000000000000000000000
00000001110000000000000000000000
00000001110000000000000000000000
00000011110000000000000000000000
00000011110000000000000000000000
00000011100000000000000000000000
00000011100000000000000000000000
00000011100000000000000000000000
00000011100000000000000000000000
00000011100000000000000000000000
00000011100000000000000000000000
00000011100000000000000000000000
00000000000000000000000000000000
00000000000000000000000000000000
00000000000000000000000000000000
