00000000000000000000000000000000
00000000000000000000000000000000
00000000000000000000000000000000
00000000000000000000000000000000
00000000000001111000000000000000
00000000000011111000000000000000
00000000000011111000000000000000
00000000000011111000000000000000
00000000000001110000000000000000
00000000000001110000000000000000
00000000000001110000000000000000
00000000000001110000000000000000
00000000000001110000000000000000
00000000000001110000000000000000
00000000000001110000000000000000
00000000000001110000000000000000
00000000000001110000000000000000
00000000000001110000000000000000
00000000000001110000000000000000
00000000000001110000000000000000
00000000000001110000000000000000
00000000000001110000000000000000
00000000000001110000000000000000
00000000000111111110000000000000
00000000000111111110000000000000
00000000000111111110000000000000
00000000000000000000000000000000
00000000000000000000000000000000
00000000000000000000000000000000
00000000000000000000000000000000
00000000000000000000000000000000
00000000000000000000000000000000
