00000000000000000000000000000000
00000000000000000000000000000000
00000000000000000000000000000000
00000000000000000000000000000000
00000000000000000000000000000000
00000000000000000000000000000000
00000000000001111110000000000000
00000000001111111111000000000000
00000000001111111111100000000000
00000000011111101111110000000000
00000000011110000011110000000000
00000000011100000011110000000000
00000000000000000001110000000000
00000000000000000001110000000000
00000000000000000011110000000000
00000000000000000011110000000000
00000000000000000111100000000000
00000000000000001111100000000000
00000000000000011111000000000000
00000000000000111110000000000000
00000000000001111100000000000000
00000000000011111000000000000000
00000000000111110000000000000000
00000000011111100000000000000000
00000000111111100111111110000000
00000000111111111111111111110000
00000000111111111111111111110000
00000000111111111111001111110000
00000000000000000000000000000000
00000000000000000000000000000000
00000000000000000000000000000000
00000000000000000000000000000000
