00000000000000000000000000000000
00000000000000000000000000000000
00000000000000000000000000000000
00000000000000000000000000000000
00000000000000000000000000000000
00000000001111111110000000000000
00000000011111111111000000000000
00000000011111111111000000000000
00000000011110001111000000000000
00000000011100000111000000000000
00000000011100000111000000000000
00000000000000000111000000000000
00000000000000001111000000000000
00000000000000001111000000000000
00000000000000111111000000000000
00000000000001111110000000000000
00000000000011111100000000000000
00000000001111111000000000000000
00000011111111110000000000000000
00000111111111111111110000000000
00000111111111111111110000000000
00000111111111111111110000000000
00000000000000000000000000000000
00000000000000000000000000000000
00000000000000000000000000000000
00000000000000000000000000000000
00000000000000000000000000000000
00000000000000000000000000000000
00000000000000000000000000000000
00000000000000000000000000000000
00000000000000000000000000000000
00000000000000000000000000000000
