00000000000000000000000000000000
00000000000000000000000000000000
00000000000000000000000000000000
00000000000000000000000000000000
00000000000000000000000000000000
00000000011111111100000000000000
00000000111111111111000000000000
00000000111111111111000000000000
00000000111100011111000000000000
00000000111000000111000000000000
00000000000000000111000000000000
00000000000000000111000000000000
00000000000000000111000000000000
00000000000000000111000000000000
00000000000000001111000000000000
00000000000000011111000000000000
00000000000000111110000000000000
00000000000001111110000000000000
00000000000011111100000000000000
00000000001111111000000000000000
00000000111111111111111000000000
00000000111111111111111000000000
00000000111111111111111000000000
00000000000000000000000000000000
00000000000000000000000000000000
00000000000000000000000000000000
00000000000000000000000000000000
00000000000000000000000000000000
00000000000000000000000000000000
00000000000000000000000000000000
00000000000000000000000000000000
00000000000000000000000000000000
