00000000000000000000000000000000
00000000000000000000000000000000
00000000000000000000000000000000
00000000000000000000000000000000
00000000000000001111110000000000
00000000001111111111111100000000
00000000011111111111111110000000
00000000011111111110111110000000
00000000011110000000001110000000
00000000000000000000001110000000
00000000000000000000001110000000
00000000000000000000011110000000
00000000000001111111111110000000
00000000000001111111111110000000
00000000000001111111111110000000
00000000000000111111111111000000
00000000000000000000111111100000
00000000000000000000001111100000
00000000000000000000000111100000
00000000001110000000001111100000
00000000001111000001111111100000
00000000001111111111111111000000
00000000001111111111111110000000
00000000000111111111110000000000
00000000000000000000000000000000
00000000000000000000000000000000
00000000000000000000000000000000
00000000000000000000000000000000
00000000000000000000000000000000
00000000000000000000000000000000
00000000000000000000000000000000
00000000000000000000000000000000
