00000000000000000000000000000000
00000000000000000000000000000000
00000000000000000000000000000000
00000000000000000000000000000000
00000000000000000000000000000000
00000000000000000000000000000000
00000000000000000000000000000000
00000000000000000000000000000000
00000000000000000000000000000000
00000000000011111111111111000000
00000000000011111111111111000000
00000000000011111111111111000000
00000000000000000000000111000000
00000000000000000000000111000000
00000000000000000000001111000000
00000000000000000000011111000000
00000000000000000001111110000000
00000000000000001111111100000000
00000000000001111111111000000000
00000000000001111111111110000000
00000000000001111111111111000000
00000000000000000000111111000000
00000000000000000000001111000000
00000000000000000000001111000000
00000000000001110000111111000000
00000000000001111111111111000000
00000000000001111111111100000000
00000000000001111111111000000000
00000000000000000000000000000000
00000000000000000000000000000000
00000000000000000000000000000000
00000000000000000000000000000000
