00000000000000000000000000000000
00000000000000000000000000000000
00000000000000000000000000000000
00000000000111111000000000000000
00000000011111111111000000000000
00000000011111111111100000000000
00000000011111111111110000000000
00000000011100000111110000000000
00000000000000000011110000000000
00000000000000000001110000000000
00000000000000000001110000000000
00000000000000000011110000000000
00000000000000001111110000000000
00000000111111111111110000000000
00000000111111111111100000000000
00000000111111111111100000000000
00000000111111111111110000000000
00000000000000001111110000000000
00000000000000000011110000000000
00000000000000000001110000000000
00000001110000000011110000000000
00000001111110011111110000000000
00000001111111111111110000000000
00000001111111111111000000000000
00000000001111111100000000000000
00000000000000000000000000000000
00000000000000000000000000000000
00000000000000000000000000000000
00000000000000000000000000000000
00000000000000000000000000000000
00000000000000000000000000000000
00000000000000000000000000000000
