00000000000000000000000000000000
00000000000000000000000000000000
00000000000000000000000000000000
00000000000000000000000000000000
00000000001111111110000000000000
00000000111111111111000000000000
00000000111111111111100000000000
00000000111100001111100000000000
00000000111000000111100000000000
00000000000000000011100000000000
00000000000000000111100000000000
00000000000000011111100000000000
00000000001111111111000000000000
00000000001111111111100000000000
00000000001111111111110000000000
00000000000000011111110000000000
00000011100000000011110000000000
00000011100000000011110000000000
00000011111000001111110000000000
00000011111111111111110000000000
00000011111111111111100000000000
00000000111111111110000000000000
00000000000000000000000000000000
00000000000000000000000000000000
00000000000000000000000000000000
00000000000000000000000000000000
00000000000000000000000000000000
00000000000000000000000000000000
00000000000000000000000000000000
00000000000000000000000000000000
00000000000000000000000000000000
00000000000000000000000000000000
