00000000000000000000000000000000
00000000000000000000000000000000
00000000000000000000000000000000
00000000000000000000000000000000
00000000000000000000000000000000
00000000000001110000000000000000
00000000000011110000000000000000
00000000000011110000000000000000
00000000000111110000000000000000
00000000000111100000000000000000
00000000001111101111000000000000
00000000001111001111000000000000
00000000011111001111000000000000
00000000011110000111000000000000
00000000111110000111000000000000
00000000111100000111000000000000
00000001111100000111000000000000
00000001111111111111111100000000
00000001111111111111111100000000
00000001111111111111111100000000
00000000000000001110000000000000
00000000000000001110000000000000
00000000000000001110000000000000
00000000000000001110000000000000
00000000000000000000000000000000
00000000000000000000000000000000
00000000000000000000000000000000
00000000000000000000000000000000
00000000000000000000000000000000
00000000000000000000000000000000
00000000000000000000000000000000
00000000000000000000000000000000
