00000000000000000000000000000000
00000000000000000000000000000000
00000000000011100000000000000000
00000000000011100000000000000000
00000000000111100000000000000000
00000000000111100000000000000000
00000000001111100111000000000000
00000000011111000111000000000000
00000000011110000111000000000000
00000000111100000111000000000000
00000001111100000111000000000000
00000001111000000111000000000000
00000011110000000111000000000000
00000011110000000111000000000000
00000011100000000111000000000000
00000011100000001111000000000000
00000011111000001111000000001111
00000011111111111110000000011111
00000001111111111111111111111111
00000000011111111111111111111110
00000000000000001111111111110000
00000000000000001110000000000000
00000000000000001110000000000000
00000000000000001110000000000000
00000000000000001110000000000000
00000000000000001110000000000000
00000000000000001110000000000000
00000000000000001110000000000000
00000000000000001110000000000000
00000000000000000000000000000000
00000000000000000000000000000000
00000000000000000000000000000000
