00000000000000000000000000000000
00000000000000000000000000000000
00000000000000000000000000000000
00000000000000000000000000000000
00000000000000000000000000000000
00000000000000111000000000000000
00000000000001111000000000000000
00000000000011111000000000000000
00000000000011111000111000000000
00000000000111110001111000000000
00000000001111100001111000000000
00000000011111000001111000000000
00000000111111000011110000000000
00000001111110000011110000000000
00000001111111111111100000111100
00000001111111111111111111111100
00000001111111111111111111111100
00000000000000000111111111111000
00000000000000000111100000000000
00000000000000000111100000000000
00000000000000000111100000000000
00000000000000000111000000000000
00000000000000000111100000000000
00000000000000000111100000000000
00000000000000000111100000000000
00000000000000000000000000000000
00000000000000000000000000000000
00000000000000000000000000000000
00000000000000000000000000000000
00000000000000000000000000000000
00000000000000000000000000000000
00000000000000000000000000000000
