00000000000000000000000000000000
00000000000000000000000000000000
00000000000000000000000000000000
00000000000000000000000000000000
00000000000111000000000000000000
00000000000111011100000000000000
00000000001111011100000000000000
00000000001111011100000000000000
00000000011110111100000000000000
00000000111110111100000000000000
00000000111100111100000000000000
00000001111000111000000000000000
00000011111000111000000000000000
00000011110001111000000000000000
00000111100001111000000000000000
00000111111111110000000000000000
00000111111111111111000000000000
00000011111111111111111111100000
00000000000011111111111111100000
00000000000011110000111111100000
00000000000011100000000000000000
00000000000011100000000000000000
00000000000011100000000000000000
00000000000011100000000000000000
00000000000011100000000000000000
00000000000011100000000000000000
00000000000011100000000000000000
00000000000000000000000000000000
00000000000000000000000000000000
00000000000000000000000000000000
00000000000000000000000000000000
00000000000000000000000000000000
