00000000000000000000000000000000
00000000000000000000000000000000
00000000000000000000000000000000
00000000000000000000000000000000
00000000000000000000000000000000
00000000000001111000000000000000
00000000000001111000000000000000
00000000000011111000000000000000
00000000000111111000000000000000
00000000000111111000000000000000
00000000001111111000000000000000
00000000011110111000000000000000
00000000111110111000000000000000
00000000111100111000000000000000
00000001111100111000000000000000
00000011111111111000000000000000
00000011111111111110000000000000
00000011111111111111111000000000
00000000000011111111111000000000
00000000000000111111111000000000
00000000000000111000000000000000
00000000000000111000000000000000
00000000000000111000000000000000
00000000000001111000000000000000
00000000000001111000000000000000
00000000000001110000000000000000
00000000000001110000000000000000
00000000000000000000000000000000
00000000000000000000000000000000
00000000000000000000000000000000
00000000000000000000000000000000
00000000000000000000000000000000
