00000000000000000000000000000000
00000000000000000000000000000000
00000000000000000000000000000000
00000000000000000000000000000000
00000000000000000000000000000000
00000000000011100000000000000000
00000000000011100000000000000000
00000000000111100000000000000000
00000000000111100000000000000000
00000000001111100011100000000000
00000000011111000011100000000000
00000000011110000011100000000000
00000000111110000011110000000000
00000001111100000011110000000000
00000001111100000011110000000000
00000011111000000001110000000000
00000011111111111111111111111111
00000011111111111111111111111111
00000011111111111111111111111111
00000000000000000011100000000000
00000000000000000011100000000000
00000000000000000011100000000000
00000000000000000011100000000000
00000000000000000011100000000000
00000000000000000011100000000000
00000000000000000000000000000000
00000000000000000000000000000000
00000000000000000000000000000000
00000000000000000000000000000000
00000000000000000000000000000000
00000000000000000000000000000000
00000000000000000000000000000000
