00000000000000000000000000000000
00000000000000000000000000000000
00000000000000000000000000000000
00000000000000000000000000000000
00000000000000000000000000000000
00000000000000000000000000000000
00000000001110000000000000000000
00000000001110000000000000000000
00000000011110000000000000000000
00000000011110011100000000000000
00000000111110011100000000000000
00000001111100011100000000000000
00000001111000011100000000000000
00000001111000011100000000000000
00000001111100011110011110000000
00000001111111111111111110000000
00000001111111111111111110000000
00000000001111111111111110000000
00000000000000001110000000000000
00000000000000001110000000000000
00000000000000001110000000000000
00000000000000001110000000000000
00000000000000001110000000000000
00000000000000001110000000000000
00000000000000001110000000000000
00000000000000000000000000000000
00000000000000000000000000000000
00000000000000000000000000000000
00000000000000000000000000000000
00000000000000000000000000000000
00000000000000000000000000000000
00000000000000000000000000000000
