00000000000000000000000000000000
00000000000000000000000000000000
00000000000000000000000000000000
00000000000000000000000000000000
00000000000111000000000000000000
00000000001111000000000000000000
00000000001111000000000000000000
00000000011110000000000000000000
00000000011110000000000000000000
00000000011100000000000000000000
00000000111100000000000000000000
00000000111100000011100000000000
00000001111000000111100000000000
00000001111000000111100000000000
00000001110000000111100000000000
00000001110000000111000000000000
00000001110000000111000000000000
00000001110000001111000000000000
00000001110000001111000111110000
00000001110000001110111111110000
00000001111101111111111111110000
00000001111111111111111111000000
00000001111111111111110000000000
00000000001111101110000000000000
00000000000000001110000000000000
00000000000000001110000000000000
00000000000000001110000000000000
00000000000000001110000000000000
00000000000000001110000000000000
00000000000000001110000000000000
00000000000000001110000000000000
00000000000000001110000000000000
