00000000000000000000000000000000
00000000000000000000000000000000
00000000000000000000000000000000
00000000000000000000000000000000
00000000000011100000000000000000
00000000000111100000000000000000
00000000000111100000000000000000
00000000001111000000000000000000
00000000001111000000000000000000
00000000001110000000000000000000
00000000011110000000000000000000
00000000011100000000000000000000
00000000011100011110000000000000
00000000011100011110000000000000
00000000111100011110000000000000
00000000111100011100000000000000
00000000111000011100000000000000
00000001111000011100000000000000
00000001111000011100000000000000
00000001111000011100111000000000
00000001111000011101111000000000
00000001111110011111111000000000
00000001111111111111111000000000
00000000011111111111100000000000
00000000000111111110000000000000
00000000000000011100000000000000
00000000000000011100000000000000
00000000000000111100000000000000
00000000000000111100000000000000
00000000000000111100000000000000
00000000000000111000000000000000
00000000000000111000000000000000
