00000000000000000000000000000000
00000000000000000000000000000000
00000000000000000000000000000000
00000000000000000000000000000000
00000000001110000000000000000000
00000000001111100000000000000000
00000000011111100000000000000000
00000000011111100000000000000000
00000000111111100000000000000000
00000001111111100000000000000000
00000011111011100000000000000000
00000011110011100000000000000000
00000111100011100000000000000000
00000111100011100000000000000000
00001111100011100000000000000000
00001111111111100000000000000000
00001111111111111111110000000000
00000000111111111111111111100000
00000000000011111111111111100000
00000000000011100000011111100000
00000000000011100000000000000000
00000000000011100000000000000000
00000000000011100000000000000000
00000000000011100000000000000000
00000000000011100000000000000000
00000000000011100000000000000000
00000000000011100000000000000000
00000000000011100000000000000000
00000000000011100000000000000000
00000000000011100000000000000000
00000000000011100000000000000000
00000000000011100000000000000000
