00000000000000000000000000000000
00000000000000000000000000000000
00000000000000000000000000000000
00000000000111000000000000000000
00000000000111000000000000000000
00000000000111000000000000000000
00000000001111000011100000000000
00000000001111000011100000000000
00000000001110000011100000000000
00000000011110000011100000000000
00000000011110000011100000000000
00000000011100000011100000000000
00000000011100000111100000000000
00000000111100000111100000000000
00000000111100000111000000000000
00000000111000000111000000000000
00000000111000000111001111100000
00000000111000000111111111100000
00000000111110001111111111100000
00000000111111111111111110000000
00000000111111111111100000000000
00000000001111111110000000000000
00000000000000001110000000000000
00000000000000001110000000000000
00000000000000001110000000000000
00000000000000001110000000000000
00000000000000001110000000000000
00000000000000001110000000000000
00000000000000011110000000000000
00000000000000011110000000000000
00000000000000011110000000000000
00000000000000000000000000000000
