00000000000000000000000000000000
00000000000000000000000000000000
00000000000000000000000000000000
00000000000000000000000000000000
00000000000011110000000000000000
00000000000011110000000000000000
00000000000111110000000000000000
00000000000111110000000000000000
00000000001111110000000000000000
00000000001111110000000000000000
00000000011111110000000000000000
00000000111101110000000000000000
00000001111101110000000000000000
00000001111001110000000000000000
00000011110001110000000000000000
00000111110001110000000000000000
00000111100001111000000000000000
00000111111111111000000000000000
00000111111111111111111111000000
00000011111111111111111111000000
00000000000000111111111111000000
00000000000001111000000111000000
00000000000001111000000000000000
00000000000001110000000000000000
00000000000001110000000000000000
00000000000001110000000000000000
00000000000001110000000000000000
00000000000001110000000000000000
00000000000001110000000000000000
00000000000000000000000000000000
00000000000000000000000000000000
00000000000000000000000000000000
