00000000000000000000000000000000
00000000000000000000000000000000
00000000000000000000000000000000
00000000000000000000000000000000
00000000000000000000000000000000
00000000000000000000000000000000
00000000000000111100000000000000
00000000000001111110000000000000
00000000000011111110000000000000
00000000000011111110000000000000
00000000001111111110000000000000
00000000001111101110000000000000
00000000111110001110000000000000
00000001111110001110000000000000
00000011111100001110000000000000
00000111111000001110000000000000
00000111111111111110000000000000
00000111111111111111111111000000
00000111111111111111111111111110
00000000000000001111111111111110
00000000000000011100000001111110
00000000000000011100000000000000
00000000000000011100000000000000
00000000000000011100000000000000
00000000000000011100000000000000
00000000000000011100000000000000
00000000000000011100000000000000
00000000000000011100000000000000
00000000000000011100000000000000
00000000000000011100000000000000
00000000000000000000000000000000
00000000000000000000000000000000
