00000000000000000000000000000000
00000000000000000000000000000000
00000000000000000000000000000000
00000000000000000000000000000000
00000000000000000000000000000000
00000000000001111100000000000000
00000000000011111100000000000000
00000000000111111100000000000000
00000000000111111100000000000000
00000000001111111100000000000000
00000000011111011100000000000000
00000000111110011100000000000000
00000001111100011100000000000000
00000001111100011100000000000000
00000011110000011100000000000000
00000111110000011100000000000000
00000111111110011100000000000000
00000111111111111111111111100000
00000111111111111111111111100000
00000000000111111111111111100000
00000000000000011100000000000000
00000000000000011100000000000000
00000000000000011100000000000000
00000000000000011100000000000000
00000000000000011100000000000000
00000000000000011100000000000000
00000000000000011100000000000000
00000000000000011100000000000000
00000000000000000000000000000000
00000000000000000000000000000000
00000000000000000000000000000000
00000000000000000000000000000000
