00000000000000000000000000000000
00000000000000000000000000000000
00000000000000000000000000000000
00000000000000000000000000000000
00000000000000000000000000000000
00000000000011100000000000000000
00000000000111100000000000000000
00000000001111100000000000000000
00000000001111100000000000000000
00000000011111000000000000000000
00000000111110000111000000000000
00000000111110000111000000000000
00000001111100000111000000000000
00000011111000000111000000000000
00000011110000000111000000000000
00000111110000001111000000000000
00001111100000001111000001110000
00001111111111111111111111110000
00001111111111111111111111110000
00001111111111111111111111110000
00000000000000001110000000000000
00000000000000001110000000000000
00000000000000001110000000000000
00000000000000001110000000000000
00000000000000001110000000000000
00000000000000001110000000000000
00000000000000000000000000000000
00000000000000000000000000000000
00000000000000000000000000000000
00000000000000000000000000000000
00000000000000000000000000000000
00000000000000000000000000000000
