00000000000000000000000000000000
00000000000000000000000000000000
00000000000000000000000000000000
00000000000000000000000000000000
00000000000000000000000000000000
00000000000001111000000000000000
00000000000011111000000000000000
00000000000011111000000000000000
00000000000111110000000000000000
00000000000111100011100000000000
00000000001111100011100000000000
00000000011111000011100000000000
00000000011110000011100000000000
00000000111110000011100000000000
00000001111100000011100000000000
00000011111000000011100011100000
00000011111111111111111111100000
00000011111111111111111111100000
00000011111111111111111111100000
00000011111111000011100000000000
00000000000000000011100000000000
00000000000000000011100000000000
00000000000000000011100000000000
00000000000000000011100000000000
00000000000000000111100000000000
00000000000000000111100000000000
00000000000000000111100000000000
00000000000000000000000000000000
00000000000000000000000000000000
00000000000000000000000000000000
00000000000000000000000000000000
00000000000000000000000000000000
