00000000000000000000000000000000
00000000000000000000000000000000
00000000000000000000000000000000
00000000000000000000000000000000
00000000000001110000000000000000
00000000000011110000000000000000
00000000000111110000000000000000
00000000000111100000000000000000
00000000001111100000000000000000
00000000001111000001110000000000
00000000011110000011110000000000
00000000111110000011110000000000
00000000111100000011100000000000
00000001111000000011100000000000
00000001111000000011100000000000
00000001110000000111100000000000
00000011110000000111100000111100
00000011111000000111001111111100
00000011111111100111111111111100
00000011111111111111111111110000
00000000011111111111111100000000
00000000000000111111000000000000
00000000000000001111000000000000
00000000000000001110000000000000
00000000000000001110000000000000
00000000000000001110000000000000
00000000000000001110000000000000
00000000000000001110000000000000
00000000000000001110000000000000
00000000000000001110000000000000
00000000000000001110000000000000
00000000000000000000000000000000
