00000000000000000000000000000000
00000000000000000000000000000000
00000000000000000000000000000000
00000000000000000000000000000000
00000000000000000000000000000000
00000000000000111000000000000000
00000000000001111000000000000000
00000000000001111000000000000000
00000000000011111001110000000000
00000000000111110001110000000000
00000000000111100001110000000000
00000000001111100001110000000000
00000000011111000001110000000000
00000000111110000011110000000000
00000001111100000011110000000000
00000011111100111111111111111000
00000111111111111111111111111000
00000111111111111111111111111000
00000111111111110011100000000000
00000000000000000111100000000000
00000000000000000111100000000000
00000000000000000111100000000000
00000000000000000111000000000000
00000000000000000111000000000000
00000000000000000111000000000000
00000000000000000111100000000000
00000000000000000111100000000000
00000000000000000111100000000000
00000000000000000000000000000000
00000000000000000000000000000000
00000000000000000000000000000000
00000000000000000000000000000000
