00000000000000000000000000000000
00000000000000000000000000000000
00000000000000000000000000000000
00000000000000000000000000000000
00000000000000000000000000000000
00000000000000000000000000000000
00000000000111100000000000000000
00000000001111100000000000000000
00000000011111100000000000000000
00000000011111000000000000000000
00000000111100000011100000000000
00000000111100000111100000000000
00000001111000000111100000000000
00000001111000000111000000000000
00000001110000000111000000000000
00000001110000000111000000000000
00000001110000000111011110000000
00000001111100000111111110000000
00000001111111111111111110000000
00000001111111111111111100000000
00000000001111111111000000000000
00000000000000001110000000000000
00000000000000001110000000000000
00000000000000001110000000000000
00000000000000011110000000000000
00000000000000011110000000000000
00000000000000011110000000000000
00000000000000011100000000000000
00000000000000011100000000000000
00000000000000011100000000000000
00000000000000011100000000000000
00000000000000000000000000000000
