00000000000000000000000000000000
00000000000000000000000000000000
00000000000000000000000000000000
00000000000000000000000000000000
00000000000000000000000000000000
00000000000000000000000000000000
00000000000000000000000000000000
00000000000000001110000000000000
00000000000000001111000000000000
00000000000000011111000000000000
00000000000000011111000000000000
00000000000000111111000000000000
00000000000001111111000000000000
00000000000001111111000000000000
00000000000111111111000000000000
00000000001111111111000000000000
00000000011111101110000000000000
00000000111111111110000000000000
00000000111111111111111111100000
00000000111111111111111111100000
00000000000000001111111111100000
00000000000000001110000000000000
00000000000000001110000000000000
00000000000000001110000000000000
00000000000000001110000000000000
00000000000000001110000000000000
00000000000000001110000000000000
00000000000000000000000000000000
00000000000000000000000000000000
00000000000000000000000000000000
00000000000000000000000000000000
00000000000000000000000000000000
