00000000000000000000000000000000
00000000000000000000000000000000
00000000000000000000000000000000
00000000000000000000000000000000
00000000000011100000000000000000
00000000000111100000000000000000
00000000000111100000000000000000
00000000001111100000000000000000
00000000001111000000000000000000
00000000011111000000000000000000
00000000111110000000000000000000
00000000111110001110000000000000
00000001111100001110000000000000
00000001111000001110000000000000
00000011111000001110000000000000
00000111110000001110000000000000
00001111100000001110000000000000
00011111100000011110000000000000
00011111000000011110000111100000
00111111111111111111111111100000
00111111111111111111111111100000
00111111111111111111111111000000
00000000000000011100000000000000
00000000000000011100000000000000
00000000000000111100000000000000
00000000000000111100000000000000
00000000000000111100000000000000
00000000000000111000000000000000
00000000000000111000000000000000
00000000000000111000000000000000
00000000000000000000000000000000
00000000000000000000000000000000
