00000000000000000000000000000000
00000000000000000000000000000000
00000000000000000000000000000000
00000000000000000000000000000000
00000000000001110000000000000000
00000000000011110000000000000000
00000000000111110000000000000000
00000000001111100000000000000000
00000000001111000000000000000000
00000000011111000111000000000000
00000000011110001111000000000000
00000000111100001111000000000000
00000000111100001110000000000000
00000000111000011110000000000000
00000000111000011110000000000000
00000000111000011100000000000000
00000000111000011100000000000000
00000000111110011100000111000000
00000000111111111111111111000000
00000000011111111111111111000000
00000000000111111111111110000000
00000000000000111000000000000000
00000000000000111000000000000000
00000000000000111000000000000000
00000000000000111000000000000000
00000000000000111000000000000000
00000000000000111000000000000000
00000000000000111000000000000000
00000000000000111000000000000000
00000000000000000000000000000000
00000000000000000000000000000000
00000000000000000000000000000000
