00000000000000000000000000000000
00000000000000000000000000000000
00000000000000000000000000000000
00000000000000000000000000000000
00000000000000011100000000000000
00000000000000111100000000000000
00000000000000111100000000000000
00000000000000111111100000000000
00000000000001111011100000000000
00000000000011111011100000000000
00000000000111110011100000000000
00000000000111110011100000000000
00000000001111000011100000000000
00000000001111000011100000000000
00000000011110000011100000000000
00000000111110000011101111100000
00000001111111111111111111100000
00000001111111111111111111100000
00000001111111111111111110000000
00000001111110000011100000000000
00000000000000000011100000000000
00000000000000000011100000000000
00000000000000000011100000000000
00000000000000000011100000000000
00000000000000000011100000000000
00000000000000000111100000000000
00000000000000000111100000000000
00000000000000000111000000000000
00000000000000000111000000000000
00000000000000000111000000000000
00000000000000000000000000000000
00000000000000000000000000000000
