00000000000000000000000000000000
00000000000000000000000000000000
00000000000000000000000000000000
00000000000000000000000000000000
00000000000111000000000000000000
00000000001111000000000000000000
00000000001111000000000000000000
00000000011111000000000000000000
00000000011110000001110000000000
00000000011100000001110000000000
00000000111100000011110000000000
00000000111100000011110000000000
00000000111000000111100000000000
00000000111000000111100000000000
00000000111000000111100000000000
00000000111100000111000000111000
00000000111100001111000111111000
00000000111111101111001111111000
00000000011111111111111111111000
00000000001111111111111111000000
00000000000011111111111100000000
00000000000000001110000000000000
00000000000000001110000000000000
00000000000000001110000000000000
00000000000000001110000000000000
00000000000000001110000000000000
00000000000000001110000000000000
00000000000000001110000000000000
00000000000000001110000000000000
00000000000000001110000000000000
00000000000000000000000000000000
00000000000000000000000000000000
