00000000000000000000000000000000
00000000000000000000000000000000
00000000000000000000000000000000
00000000000000000000000000000000
00000000000111000000000000000000
00000000000111000000000000000000
00000000000111000000000000000000
00000000000111000000000000000000
00000000000111000000000000000000
00000000000111111111100000000000
00000000000111111111100000000000
00000000000111111111100000000000
00000000000111111000000000000000
00000000000111000000000000000000
00000000000111000000000000000000
00000000000111000000000000000000
00000000000111011111000000000000
00000000000111111111100000000000
00000000000111111111100000000000
00000000000111111111110000000000
00000000000000000011110000000000
00000000000000000011110000000000
00000000000000000011110000000000
00000000000000000011110000000000
00000000000000000111100000000000
00000000011110011111100000000000
00000000011111111111000000000000
00000000011111111110000000000000
00000000000111111100000000000000
00000000000011110000000000000000
00000000000000000000000000000000
00000000000000000000000000000000
