00000000000000000000000000000000
00000000000000000000000000000000
00000000000000000000000000000000
00000000000000000000000000000000
00000000000000000000000000000000
00000000011100000000000000000000
00000000011100000000000000000000
00000000111111111111000000000000
00000001111111111111000000000000
00000001111111111111000000000000
00000001111100000000000000000000
00000000011100000000000000000000
00000000011100000000000000000000
00000000011100000000000000000000
00000000011100000000000000000000
00000000011100000000000000000000
00000000111111111111111000000000
00000000111111111111111110000000
00000000111111111111111110000000
00000000000000000000111110000000
00000000000000000000001110000000
00000000000000000000001110000000
00000000000000000000011110000000
00000000000000000000111110000000
00000000000000000000111100000000
00000000000000000001111100000000
00000000000000000111111000000000
00000000011100011111110000000000
00000000011111111111100000000000
00000000011111111111000000000000
00000000011111111000000000000000
00000000000000000000000000000000
