00000000000000000000000000000000
00000000000000000000000000000000
00000000000000000000000000000000
00000000000000000000000000000000
00000000001110000000000000000000
00000000001110001111100011111100
00000000011111111111111111111100
00000000011111111111111111111100
00000000011111111111111100000000
00000000000111000000000000000000
00000000000111000000000000000000
00000000000111000000000000000000
00000000000111000000000000000000
00000000000111000000000000000000
00000000000111000000000000000000
00000000000111000000000000000000
00000000000111001111111111000000
00000000000111111111111111100000
00000000000111111111111111110000
00000000000111111100000111110000
00000000000111100000000001110000
00000000000000000000000001110000
00000000000000000000000011110000
00000000000000000000000111110000
00000000000000000000001111100000
00000000000000000000111111100000
00000000000000001111111111000000
00000000000001111111111110000000
00000000000001111111110000000000
00000000000001111100000000000000
00000000000000000000000000000000
00000000000000000000000000000000
