00000000000000000000000000000000
00000000000000000000000000000000
00000000011111000000000000000000
00000000011111111111111110000000
00000000011111111111111110000000
00000000001111111111111110000000
00000000000111000000000000000000
00000000000111000000000000000000
00000000000111000000000000000000
00000000000111000000000000000000
00000000001111000000000000000000
00000000001111000000000000000000
00000000001110000000000000000000
00000000001111111111100000000000
00000000001111111111110000000000
00000000001111111111111100000000
00000000001111100001111110000000
00000000001111000000111110000000
00000000000000000000011110000000
00000000000000000000001110000000
00000000000000000000001110000000
00000000000000000000001110000000
00000000000000000000001110000000
00001111000000000000011110000000
00001111110000000000111110000000
00001111111111111111111110000000
00000011111111111111111100000000
00000001111111111111110000000000
00000000000000000000000000000000
00000000000000000000000000000000
00000000000000000000000000000000
00000000000000000000000000000000
