00000000000000000000000000000000
00000000000000000000000000000000
00000000000000000000000000000000
00000000001110000000000000000000
00000000001110000000000000000000
00000000001111111111111100000000
00000000001111111111111100000000
00000000001111111111111100000000
00000000001111100000000000000000
00000000001110000000000000000000
00000000001110000000000000000000
00000000001110000000000000000000
00000000001110000000000000000000
00000000001110000000000000000000
00000000001110111111111000000000
00000000001111111111111000000000
00000000001111111111111110000000
00000000001111110000111110000000
00000000000000000000011110000000
00000000000000000000001110000000
00000000000000000000001110000000
00000000000000000000001110000000
00000000000000000000011110000000
00000000000000000000111110000000
00000000001110001111111110000000
00000000001111111111111100000000
00000000001111111111110000000000
00000000001111111110000000000000
00000000000000000000000000000000
00000000000000000000000000000000
00000000000000000000000000000000
00000000000000000000000000000000
