00000000000000000000000000000000
00000000000000000000000000000000
00000000000000000000000000000000
00000000000000000000000000000000
00000000000000000000000000000000
00000000000000000000000000000000
00000000001110000000000000000000
00000000001110000000000000000000
00000000001111111110000000000000
00000000011111111110000000000000
00000000011111111110000000000000
00000000011111100000000000000000
00000000011110000000000000000000
00000000011100000000000000000000
00000000011100000000000000000000
00000000011111110000000000000000
00000000011111111100000000000000
00000000011111111111100000000000
00000000000000011111100000000000
00000000000000000111100000000000
00000000000000000011100000000000
00000000000000000011100000000000
00000000000000000111100000000000
00000000000000001111100000000000
00000000111111111111000000000000
00000000111111111111000000000000
00000000111111111100000000000000
00000000011110000000000000000000
00000000000000000000000000000000
00000000000000000000000000000000
00000000000000000000000000000000
00000000000000000000000000000000
