00000000000000000000000000000000
00000000000000000000000000000000
00000000000000000000000000000000
00000000000000000000000000000000
00000000011100000000000000000000
00000000011100000000000000000000
00000000011100000000000000000000
00000000011111111100000000000000
00000000011111111111110000000000
00000000011111111111110000000000
00000000011111001111110000000000
00000000011100000000000000000000
00000000011100000000000000000000
00000000011100000000000000000000
00000000111110000000000000000000
00000000111111100000000000000000
00000000111111111100000000000000
00000000001111111110000000000000
00000000000001111111000000000000
00000000000000001111100000000000
00000000000000000111100000000000
00000000000000000011100000000000
00000000000000000111100000000000
00000001111000011111100000000000
00000001111101111111000000000000
00000001111111111110000000000000
00000000111111111100000000000000
00000000001111110000000000000000
00000000000000000000000000000000
00000000000000000000000000000000
00000000000000000000000000000000
00000000000000000000000000000000
