00000000000000000000000000000000
00000000000000000000000000000000
00000000000000000000000000000000
00000000000000000000000000000000
00000000000111000000000000000000
00000000000111100000000000000000
00000000000111100000000000000000
00000000000111100000000000000000
00000000000011100000111110000000
00000000001111111111111110000000
00000000001111111111111110000000
00000000001111111111110000000000
00000000000111100000000000000000
00000000000111100000000000000000
00000000000111000000000000000000
00000000000111000000000000000000
00000000000111011111110000000000
00000000000111111111111000000000
00000000000111111111111000000000
00000000000111111101111100000000
00000000000111110000111100000000
00000000000111100000111100000000
00000000000000000000011100000000
00000000000000000000111100000000
00000000000000000000111100000000
00000000000000000111111000000000
00000000000111111111111000000000
00000000001111111111110000000000
00000000001111111111000000000000
00000000001111000000000000000000
00000000000000000000000000000000
00000000000000000000000000000000
