00000000000000000000000000000000
00000000000000000000000000000000
00000000000000000000000000000000
00000000000000000000000000000000
00000000000000111000000000000000
00000000000000111000000000000000
00000000000000111000000000000000
00000000000000111000000000000000
00000000000000111000000000000000
00000000000001111000000000000000
00000000000001110000111111110000
00000000000011111111111111110000
00000000000011111111111111110000
00000000000111111111100000000000
00000000000111000000000000000000
00000000000111000000000000000000
00000000001110000000000000000000
00000000001110000000000000000000
00000000001110000000000000000000
00000000001110000011111000000000
00000000001110011111111100000000
00000000011111111111111110000000
00000000011111111111111110000000
00000000011111111000001111000000
00000000011100000000001111000000
00000000000000000000001111000000
00000000000000000000001111000000
00000000000000000000011111000000
00000000000000000001111110000000
00000000000000001111111110000000
00000000000000001111111000000000
00000000000000001111110000000000
