00000000000000000000000000000000
00000000000000000000000000000000
00000000000000000000000000000000
00000000000000000000000000000000
00000011110000000000000000000000
00000011110000000000000000000000
00000011110000000000111110000000
00000001110001111111111110000000
00000001111111111111111110000000
00000001111111111111110000000000
00000001111111000000000000000000
00000001111000000000000000000000
00000000111000000000000000000000
00000000111000000000000000000000
00000000111011111100000000000000
00000000111111111111000000000000
00000000111111111111000000000000
00000000111111001111000000000000
00000000111100000111000000000000
00000000000000000111000000000000
00000000000000000111000000000000
00000000000000000111000000000000
00000000000000001111000000000000
00000000000000111111000000000000
00000000111111111110000000000000
00000000111111111110000000000000
00000000111111110000000000000000
00000000000000000000000000000000
00000000000000000000000000000000
00000000000000000000000000000000
00000000000000000000000000000000
00000000000000000000000000000000
