00000000000000000000000000000000
00000000000000000000000000000000
00000000000000000000000000000000
00000000001110000000000000000000
00000000001110000001111111000000
00000000011111111111111111000000
00000000011111111111111111000000
00000000011111111111000000000000
00000000001110000000000000000000
00000000001110000000000000000000
00000000001110000000000000000000
00000000001110000000000000000000
00000000001110000000000000000000
00000000011110111111100000000000
00000000011111111111111100000000
00000000011111111111111110000000
00000000011111110001111111000000
00000000000000000000011111000000
00000000000000000000001111000000
00000000000000000000001111000000
00000000000000000000111111000000
00000000000000000000111110000000
00000000000000000011111100000000
00000000000000001111111000000000
00000000001111111111110000000000
00000000001111111111000000000000
00000000001111111110000000000000
00000000000111110000000000000000
00000000000000000000000000000000
00000000000000000000000000000000
00000000000000000000000000000000
00000000000000000000000000000000
