00000000000000000000000000000000
00000000000000000000000000000000
00000000000000000000000000000000
00000000000000000000000000000000
00000000111000000000000000000000
00000000111000000000000000000000
00000000111011111111100000000000
00000000111111111111100000000000
00000000111111111111100000000000
00000000111111100000000000000000
00000000011100000000000000000000
00000000011100000000000000000000
00000000011111111000000000000000
00000000011111111110000000000000
00000000011111111111100000000000
00000000000000111111110000000000
00000000000000001111111000000000
00000000000000000011111000000000
00000111100000000001111000000000
00000111100000000000111000000000
00000111100000000000111000000000
00000111110000000001111000000000
00000111111100000111111000000000
00000011111111111111110000000000
00000001111111111111110000000000
00000000001111111111000000000000
00000000000000000000000000000000
00000000000000000000000000000000
00000000000000000000000000000000
00000000000000000000000000000000
00000000000000000000000000000000
00000000000000000000000000000000
