00000000000000000000000000000000
00000000111000000000000000000000
00000000111000000000000000000000
00000000111000000000000000000000
00000000111000001111110000000000
00000000111111111111110000000000
00000000111111111111110000000000
00000001111111111100000000000000
00000001111000000000000000000000
00000011110000000000000000000000
00000011110000000000000000000000
00000011100000000000000000000000
00000111100000001111000000000000
00000111111111111111100000000000
00000111111111111111100000000000
00000111111111111111100000000000
00000111100000000011100000000000
00000000000000000011100000000000
00000000000000000011100000000000
00000000000000000111100000000000
00000000000000000111100000000000
00000000000000001111100000000000
00000000000000111111000000000000
00000001111111111110000000000000
00000001111111111100000000000000
00000001111111110000000000000000
00000000111000000000000000000000
00000000000000000000000000000000
00000000000000000000000000000000
00000000000000000000000000000000
00000000000000000000000000000000
00000000000000000000000000000000
