00000000000000000000000000000000
00000000000000000000000000000000
00000000000000000000000000000000
00000000000000000000000000000000
00000000011100000000000000000000
00000000011100000000000000000000
00000000011111111111000000000000
00000000011111111111000000000000
00000000011111111111000000000000
00000000011100000000000000000000
00000000111100000000000000000000
00000000111100000000000000000000
00000000111111000000000000000000
00000000111111110000000000000000
00000000111111111000000000000000
00000000000111111100000000000000
00000000000001111100000000000000
00000000000000111100000000000000
00000000000000111100000000000000
00000000000000111100000000000000
00000000111011111100000000000000
00000000111111111000000000000000
00000000111111110000000000000000
00000000011111100000000000000000
00000000000000000000000000000000
00000000000000000000000000000000
00000000000000000000000000000000
00000000000000000000000000000000
00000000000000000000000000000000
00000000000000000000000000000000
00000000000000000000000000000000
00000000000000000000000000000000
