00000000000000000000000000000000
00000000000000000000000000000000
00000000000000000000000000000000
00000000000000000000000000000000
00000000000001110000000000000000
00000000000001110000000000000000
00000000000001110000000000000000
00000000000111111111111110000000
00000000000111111111111110000000
00000000000111111111111110000000
00000000000001110000000000000000
00000000000001110000000000000000
00000000000001110000000000000000
00000000000011110000000000000000
00000000000011110000000000000000
00000000000011111111100000000000
00000000000011111111111000000000
00000000000011111111111110000000
00000000000011110001111111100000
00000000000000000000011111100000
00000000000000000000000111100000
00000000000000000000000011100000
00000000000000000000000011100000
00000000000000000000000111100000
00000000000000000000000111100000
00000000000000000000011111100000
00000000000111100011111111000000
00000000000111111111111110000000
00000000000111111111111100000000
00000000000011111111000000000000
00000000000000000000000000000000
00000000000000000000000000000000
