00000000000000000000000000000000
00000000000000000000000000000000
00000000000000000000000000000000
00000000000000000000000000000000
00000000000000000000000000000000
00000000011100000000000000000000
00000000011100000000000000000000
00000000011100000000000000000000
00000000011100000000000000000000
00000000011100000000000000000000
00000000011111111111111110000000
00000000011111111111111110000000
00000000001111111111111110000000
00000000001110000000000000000000
00000000001110000000000000000000
00000000001110000000000000000000
00000000001110000000000000000000
00000000001110000000000000000000
00000000001111100000000000000000
00000000001111111111000000000000
00000000001111111111110000000000
00000000000000111111110000000000
00000000000000000011110000000000
00000000000000000011110000000000
00000000011100000111110000000000
00000000011111011111110000000000
00000000011111111111100000000000
00000000011111111111000000000000
00000000000111111100000000000000
00000000000000000000000000000000
00000000000000000000000000000000
00000000000000000000000000000000
