00000000000000000000000000000000
00000000000000000000000000000000
00000000000000000000000000000000
00000000000000000000000000000000
00000000111000000000000000000000
00000001111000000000000000000000
00000001111000000000000000000000
00000001111111111111110000000000
00000011111111111111110000000000
00000011111111111111110000000000
00000011110000000000000000000000
00000111100000000000000000000000
00000111100000000000000000000000
00001111100000000000000000000000
00001111111111000000000000000000
00001111111111110000000000000000
00001111111111111100000000000000
00000000000111111111000000000000
00000000000000111111100000000000
00000000000000001111100000000000
01111000000000000111100000000000
01111000000000000011100000000000
01111100000000000011100000000000
01111111100000000111100000000000
00111111111000001111100000000000
00001111111111011111100000000000
00000011111111111111000000000000
00000000011111111110000000000000
00000000000111111100000000000000
00000000000000000000000000000000
00000000000000000000000000000000
00000000000000000000000000000000
