00000000000000000000000000000000
00000000000000000000000000000000
00000000000000000000000000000000
00000000000000000000000000000000
00000000000000000000000000000000
00000000011100000000000000000000
00000000011100000000000000000000
00000000011100000000000000000000
00000000011100001111111111000000
00000000011111111111111111000000
00000000011111111111111111000000
00000000011111111110000000000000
00000000011100000000000000000000
00000000011100000000000000000000
00000000011111000000000000000000
00000000011111110000000000000000
00000000011111111100000000000000
00000000000111111111000000000000
00000000000001111111110000000000
00000011100000001111111000000000
00000011100000000011111000000000
00000011110000000001111000000000
00000011111111000001111000000000
00000011111111111111111000000000
00000001111111111111111000000000
00000000000111111111110000000000
00000000000000000000000000000000
00000000000000000000000000000000
00000000000000000000000000000000
00000000000000000000000000000000
00000000000000000000000000000000
00000000000000000000000000000000
