00000000000000000000000000000000
00000000000000000000000000000000
00000000000000000000000000000000
00000000000001111111100000000000
00000000000111111111100000000000
00000000001111111111100000000000
00000000001111100011100000000000
00000000011111000000000000000000
00000000011110000000000000000000
00000000111100000000000000000000
00000000111100000000000000000000
00000001111000000000000000000000
00000001111000000000000000000000
00000011110000000000000000000000
00000011110000000000000000000000
00000011111111111100000000000000
00000011111111111111000000000000
00000011111111111111100000000000
00000011100000001111100000000000
00000011100000000111100000000000
00000011100000000011100000000000
00000011100000000011100000000000
00000011110000000111100000000000
00000011111000000111100000000000
00000011111100000111100000000000
00000001111110001111000000000000
00000000111111111111000000000000
00000000011111111110000000000000
00000000001111111110000000000000
00000000000011111000000000000000
00000000000000000000000000000000
00000000000000000000000000000000
