00000000000000000000000000000000
00000000000000000000000000000000
00000000000111110000000000000000
00000000000111111100000000000000
00000000011111111100000000000000
00000000011111111100000000000000
00000000111110000000000000000000
00000001111100000000000000000000
00000011111000000000000000000000
00000011111000000000000000000000
00000011110000000000000000000000
00000011100000000000000000000000
00000111100000000000000000000000
00000111100000000000000000000000
00001111000000000000000000000000
00001111000000000000000000000000
00001110000000000000000000000000
00001111111111111000000000000000
00001111111111111100000000000000
00001111111111111110000000000000
00001111110000011110000000000000
00001111100000001110000000000000
00001111100000001110000000000000
00001111100000001110000000000000
00000111110000001110000000000000
00000111111000011110000000000000
00000011111100111110000000000000
00000001111111111100000000000000
00000000111111111100000000000000
00000000011111110000000000000000
00000000000000000000000000000000
00000000000000000000000000000000
