00000000000000000000000000000000
00000000000000000000000000000000
00000000000000000000000000000000
00000000000000000000000000000000
00000000000001111111110000000000
00000000000011111111110000000000
00000000000011111111110000000000
00000000000111110000000000000000
00000000000111100000000000000000
00000000001111000000000000000000
00000000011111000000000000000000
00000000011110000000000000000000
00000000111100000000000000000000
00000000111100000000000000000000
00000001111111111000000000000000
00000001111111111100000000000000
00000001111111111100000000000000
00000011111111111110000000000000
00000011110000011110000000000000
00000011100000001111000000000000
00000011100000001111000000000000
00000011100000001111000000000000
00000011100000001111000000000000
00000011110000001110000000000000
00000011111000011110000000000000
00000001111110111110000000000000
00000001111111111110000000000000
00000000111111111100000000000000
00000000000111110000000000000000
00000000000000000000000000000000
00000000000000000000000000000000
00000000000000000000000000000000
