00000000000000000000000000000000
00000000000000000000000000000000
00000000000011111111100000000000
00000000001111111111100000000000
00000000011111111111100000000000
00000001111111000000000000000000
00000011111100000000000000000000
00000011111000000000000000000000
00000111110000000000000000000000
00001111100000000000000000000000
00001111000000000000000000000000
00001110000000000000000000000000
00011110000000000000000000000000
00011111100000000000000000000000
00111111111110000000000000000000
01111111111111000000000000000000
01111101111111110000000000000000
01111000001111110000000000000000
00111000000011111000000000000000
00111000000001111000000000000000
00111000000000111000000000000000
00111000000000111000000000000000
00111000000000111000000000000000
00111100000000111000000000000000
00111100000000111000000000000000
00011110000001111000000000000000
00011111000011111000000000000000
00011111110111110000000000000000
00001111111111110000000000000000
00000111111111100000000000000000
00000000111111000000000000000000
00000000000000000000000000000000
