00000000000000000000000000000000
00000000000000000000000000000000
00000000000000000000000000000000
00000000000000000000000000000000
00000000000111111111000000000000
00000000001111111111111000000000
00000000011111111111111000000000
00000000111111000011111000000000
00000000111100000000000000000000
00000001111100000000000000000000
00000001111000000000000000000000
00000001111000000000000000000000
00000001111111111000000000000000
00000001111111111111000000000000
00000001111111111111100000000000
00000001111000011111100000000000
00000001110000000111110000000000
00000001110000000011110000000000
00000001111000000011110000000000
00000001111000000011110000000000
00000000111100000011110000000000
00000000111110000111100000000000
00000000111111111111100000000000
00000000011111111111000000000000
00000000001111111111000000000000
00000000000000000000000000000000
00000000000000000000000000000000
00000000000000000000000000000000
00000000000000000000000000000000
00000000000000000000000000000000
00000000000000000000000000000000
00000000000000000000000000000000
