00000000000000000000000000000000
00000000000000000000000000000000
00000000000000001110000000000000
00000000000000011110000000000000
00000000000000011110000000000000
00000000000000111110000000000000
00000000000000111100000000000000
00000000000001111000000000000000
00000000000011111000000000000000
00000000000011110000000000000000
00000000000111100000000000000000
00000000000111100000000000000000
00000000001111000000000000000000
00000000001111000000000000000000
00000000001111110000000000000000
00000000001111111000000000000000
00000000001111111100000000000000
00000000001110111110000000000000
00000000001110011111000000000000
00000000001110001111100000000000
00000000001110000111100000000000
00000000001111000111100000000000
00000000001111100011100000000000
00000000000111111111100000000000
00000000000111111111100000000000
00000000000011111111100000000000
00000000000000000000000000000000
00000000000000000000000000000000
00000000000000000000000000000000
00000000000000000000000000000000
00000000000000000000000000000000
00000000000000000000000000000000
