00000000000000000000000000000000
00000000000000000000000000000000
00000000000000000000000000000000
00000000000000011100000000000000
00000000000000111100000000000000
00000000000000111100000000000000
00000000000001111100000000000000
00000000000011111000000000000000
00000000000011111000000000000000
00000000000111110000000000000000
00000000001111100000000000000000
00000000001111000000000000000000
00000000011111000000000000000000
00000000111110000000000000000000
00000000111111111100000000000000
00000001111111111110000000000000
00000001111111111110000000000000
00000001111111011110000000000000
00000011110000001111000000000000
00000011110000001111000000000000
00000011100000000111000000000000
00000111100000000111000000000000
00000111100000000111000000000000
00000111000000001111000000000000
00000111000000001111000000000000
00000111000000001111000000000000
00000111100000011110000000000000
00000111110000111110000000000000
00000111110001111110000000000000
00000011111111111100000000000000
00000001111111111000000000000000
00000000111111110000000000000000
