00000000000000000000000000000000
00000000000000000000000000000000
00000000000011110000000000000000
00000000000011110000000000000000
00000000000111110000000000000000
00000000001111100000000000000000
00000000001111000000000000000000
00000000011110000000000000000000
00000000111110000000000000000000
00000000111100000000000000000000
00000001111100000000000000000000
00000001111000000000000000000000
00000001110000000000000000000000
00000011111110000000000000000000
00000011111111100000000000000000
00000011111111100000000000000000
00000011100111111100000000000000
00000011100000011111000000000000
00000011100000011111000000000000
00000011100000001111000000000000
00000011110000000111000000000000
00000011110000001111000000000000
00000011111100111111000000000000
00000001111111111111000000000000
00000000111111111110000000000000
00000000011111111000000000000000
00000000000000000000000000000000
00000000000000000000000000000000
00000000000000000000000000000000
00000000000000000000000000000000
00000000000000000000000000000000
00000000000000000000000000000000
