00000000000000000000000000000000
00000000000000000000000000000000
00000000000000000000000000000000
00000000000000000000000000000000
00000000000000000000000000000000
00000000000000000011110000000000
00000000000000001111110000000000
00000000000000111111110000000000
00000000000001111111100000000000
00000000000001111100000000000000
00000000000011110000000000000000
00000000001111110000000000000000
00000000001111100000000000000000
00000000011110000000000000000000
00000000111110000000000000000000
00000001111111100000000000000000
00000001111111111000000000000000
00000001111111111111000000000000
00000011110001111111100000000000
00000011110000011111100000000000
00000011100000000111100000000000
00000011100000000111100000000000
00000011110000001111100000000000
00000011111000011111100000000000
00000001111111111111000000000000
00000000111111111110000000000000
00000000011111111100000000000000
00000000000000000000000000000000
00000000000000000000000000000000
00000000000000000000000000000000
00000000000000000000000000000000
00000000000000000000000000000000
