00000000000000000000000000000000
00000000000000000000000000000000
00000000000000000000000000000000
00000111111100000000000000000000
00011111111111111000000000000000
00111111111111111110000000000000
01111110001111111111000000000000
11111000000000011111100000000000
11111000000000000111100000000000
11111000000000000011100000000000
11111000000000000000000000000000
11111000000000000000000000000000
11111000000000000000000000000000
11110000000000000000000000000000
11110000000000000000000000000000
11110000000000000000000000000000
11110111111111110000000000000000
11111111111111111100000000000000
11111111111111111100000000000000
11111110000001111110000000000000
11111000000000011110000000000000
11110000000000011110000000000000
11110000000000001110000000000000
11100000000000001110000000000000
11110000000000001110000000000000
11111000000000111110000000000000
01111111000001111110000000000000
01111111111111111100000000000000
00011111111111111000000000000000
00000011111111100000000000000000
00000000000000000000000000000000
00000000000000000000000000000000
