00000000000000000000000000000000
00000000000000000000000000000000
00000000000000000000000000000000
00000000000000000000000000000000
00000000000000000000000000000000
00000000000000011111100000000000
00000000000000111111100000000000
00000000000011111111100000000000
00000000000111111100000000000000
00000000000111110000000000000000
00000000001111000000000000000000
00000000011111000000000000000000
00000000011110000000000000000000
00000000111100000000000000000000
00000000111000000000000000000000
00000000111000000000000000000000
00000001111000000000000000000000
00000011111110000000000000000000
00000011111111100000000000000000
00000011111111110000000000000000
00000011100111111000000000000000
00000011100001111000000000000000
00000011100001111000000000000000
00000011100000111000000000000000
00000011100000111000000000000000
00000011100000111000000000000000
00000011110001111000000000000000
00000011111111111000000000000000
00000011111111110000000000000000
00000001111111100000000000000000
00000000000000000000000000000000
00000000000000000000000000000000
