00000000000000000000000000000000
00000000000000000000000000000000
00000000000000000000000000000000
00000000000000000000000000000000
00000000000000011110000000000000
00000000000000111110000000000000
00000000000000111110000000000000
00000000000001111100000000000000
00000000000011111000000000000000
00000000000111110000000000000000
00000000000111100000000000000000
00000000001111000000000000000000
00000000001111000000000000000000
00000000011110000000000000000000
00000000011110000000000000000000
00000000111100000000000000000000
00000000111111111000000000000000
00000001111111111100000000000000
00000001111111111100000000000000
00000001110000111110000000000000
00000001110000011110000000000000
00000001110000001110000000000000
00000001110000001110000000000000
00000001110000001110000000000000
00000001110000011110000000000000
00000001110000011110000000000000
00000001110000111100000000000000
00000001111001111100000000000000
00000001111111111100000000000000
00000000111111110000000000000000
00000000111111100000000000000000
00000000000000000000000000000000
