00000000000000000000000000000000
00000000000000000000000000000000
00000000000000000000000000000000
00000000000111111111100000000000
00000000011111111111110000000000
00000000111111111111110000000000
00000001111110000011110000000000
00000001111100000000000000000000
00000011111000000000000000000000
00000011110000000000000000000000
00000111100000000000000000000000
00000111100000000000000000000000
00000111011111110000000000000000
00000111111111111100000000000000
00000111111111111100000000000000
00000111111100111110000000000000
00000111111000011110000000000000
00000111000000001110000000000000
00000111000000001110000000000000
00000111000000001110000000000000
00000111000000001110000000000000
00000111100000011110000000000000
00000111110000111110000000000000
00000011111101111100000000000000
00000001111111111100000000000000
00000000111111111000000000000000
00000000011111110000000000000000
00000000000000000000000000000000
00000000000000000000000000000000
00000000000000000000000000000000
00000000000000000000000000000000
00000000000000000000000000000000
