00000000000000000000000000000000
00000000000000000000000000000000
00000000000000000000000000000000
00000000000000000000000000000000
00000011100000000000000000000000
00000011111110000011100000000000
00000011111111111111100000000000
00000011111111111111100000000000
00000000000111111111100000000000
00000000000000000111100000000000
00000000000000000111100000000000
00000000000000000111000000000000
00000000000000001111000000000000
00000000000000001111000000000000
00000000000000001110000000000000
00000000000000001110000000000000
00000000000000001110000000000000
00000000000000011110000000000000
00000000000000011110000000000000
00000000000000011100000000000000
00000000000000011100000000000000
00000000000000011100000000000000
00000000000000011100000000000000
00000000000000011100000000000000
00000000000000011100000000000000
00000000000000011100000000000000
00000000000000011100000000000000
00000000000000011100000000000000
00000000000000011100000000000000
00000000000000011100000000000000
00000000000000000000000000000000
00000000000000000000000000000000
