00000000000000000000000000000000
00000000000000000000000000000000
00000000000000000000000000000000
00001111111111111000000000000000
00001111111111111000000000000000
00001111111111111100000000000000
00001110000111111110000000000000
00001110000000111110000000000000
00001110000000001110000000000000
00001111000000001110000000000000
00000111000000001110000000000000
00000111100000001110000000000000
00000111100000011110000000000000
00000011111001111110000000000000
00000011111111111100000000000000
00000000111111111000000000000000
00000000011111110000000000000000
00000000011111110000000000000000
00000000111111111100000000000000
00000000111111111100000000000000
00000000111100111111100000000000
00000000111000011111110000000000
00000000111100001111111000000000
00000000111100000001111000000000
00000000011100000001111000000000
00000000011110000000111000000000
00000000011110000000111000000000
00000000001111000000111000000000
00000000001111100001111000000000
00000000001111111111111000000000
00000000000011111111110000000000
00000000000001111111100000000000
