00000000000000000000000000000000
00000000000000000000000000000000
00000000000011111110000000000000
00000000001111111111100000000000
00000000001111111111110000000000
00000000011111101111110000000000
00000000011110000011111000000000
00000000011110000001111000000000
00000000011110000001111000000000
00000000011111000001111000000000
00000000011111100001111000000000
00000000001111111101111000000000
00000000000111111111110000000000
00000000000011111111110000000000
00000000000000001111110000000000
00000000000000011111110000000000
00000000000000111111110000000000
00000000000001111111110000000000
00000000000001111101110000000000
00000000000011111001110000000000
00000000000111110001110000000000
00000000000111110001110000000000
00000000000111100001110000000000
00000000001111000001110000000000
00000000001111000001110000000000
00000000001110000011110000000000
00000000001111000111110000000000
00000000001111001111100000000000
00000000001111111111100000000000
00000000000111111111000000000000
00000000000011111110000000000000
00000000000000000000000000000000
