00000000000000000000000000000000
00000000000000000000000000000000
00000000000000000000000000000000
00000000000000000000000000000000
00000000000000000000000000000000
00000000000000000000000000000000
00000000000000000000000000000000
00000000000000000000000000000000
00000000000000000001111111000000
00000000000000000011111111100000
00000000000000000111111111110000
00000000000000000111110111110000
00000000000000000111100001111110
00000000000000000111000000011110
00000000000000000111000000011110
00000000000000000111100000001110
00000000000000000111100000011110
00000000000000000011110000111110
00000000000000000011111111111100
00000000000000000111111111111000
00000000000000011111111111110000
00000000000000111111111110000000
00000000000000111110011111000000
00000000000000111000001111100000
00000000000000111100000111110000
00000000000000111110000011111000
00000000000000011111100001111000
00000000000000001111111001111000
00000000000000000111111111111000
00000000000000000001111111111000
00000000000000000000011111111000
00000000000000000000000000000000
