00000000000000000000000000000000
00000000000000000000000000000000
00000000000000000000000000000000
00000000000000000000000000000000
00000000011111111111100000000000
00000001111111111111110000000000
00000011111111111111110000000000
00000111111000000011110000000000
00000111100000000001110000000000
00001111000000000001110000000000
00001111000000000011110000000000
00001110000000001111110000000000
00001111000000001111110000000000
00001111100000111111100000000000
00000111111100111111000000000000
00000111111111111100000000000000
00000011111111111110000000000000
00000000011111111111000000000000
00000000001111111111000000000000
00000000011111001111000000000000
00000000111110000111000000000000
00000001111100000111000000000000
00000001111000000111000000000000
00000001111000001111000000000000
00000001110000011111000000000000
00000001110000111110000000000000
00000001111011111110000000000000
00000001111111111100000000000000
00000000111111111000000000000000
00000000011111100000000000000000
00000000000000000000000000000000
00000000000000000000000000000000
