00000000000000000000000000000000
00000000000000000000000000000000
00000000000000000000000000000000
00000000000000000000000000000000
00000000000000000000000000000000
00000000011111111000000000000000
00000000111111111111000000000000
00000001111111111111000000000000
00000001111100111111000000000000
00000001111000011111000000000000
00000001110001111111000000000000
00000001110011111100000000000000
00000001111111111000000000000000
00000001111111110000000000000000
00000001111111100000000000000000
00000000111111100000000000000000
00000000011111110000000000000000
00000000111111111000000000000000
00000000111111111000000000000000
00000001111101111100000000000000
00000001111000111100000000000000
00000001111000111100000000000000
00000001111111111100000000000000
00000001111111111100000000000000
00000000111111111100000000000000
00000000000000000000000000000000
00000000000000000000000000000000
00000000000000000000000000000000
00000000000000000000000000000000
00000000000000000000000000000000
00000000000000000000000000000000
00000000000000000000000000000000
