00000000000000000000000000000000
00000000000000000000000000000000
00000000000000000000000000000000
00000000000000000000000000000000
00000000000111111100000000000000
00000000011111111111110000000000
00000000111111111111110000000000
00000000111111011111110000000000
00000001111100001111110000000000
00000001111000000011110000000000
00000001110000000011110000000000
00000001110000000111110000000000
00000001110000000111100000000000
00000001111000001111100000000000
00000001111110011111000000000000
00000001111111111111000000000000
00000000111111111110000000000000
00000000001111111111110000000000
00000000001111111111111100000000
00000000111111100111111100000000
00000001111111000000111110000000
00000001111100000000011110000000
00000001111000000000011110000000
00000001110000000000011110000000
00000001111100000000011110000000
00000001111111100000111100000000
00000000111111111111111100000000
00000000011111111111111000000000
00000000000001111111110000000000
00000000000000011111100000000000
00000000000000000000000000000000
00000000000000000000000000000000
