00000000000000000000000000000000
00000000000000000000000000000000
00000000000000000000000000000000
00000000000000000000000000000000
00000000111111111110000000000000
00000001111111111110000000000000
00000001111111111110000000000000
00000001111001111111000000000000
00000001110000011111000000000000
00000001110000001111100000000000
00000001111000000111100000000000
00000000111100000011100000000000
00000000111100000011100000000000
00000000011111000011100000000000
00000000011111000111100000000000
00000000000111111111100000000000
00000000000011111111000000000000
00000000011111111110000000000000
00000000111111111110000000000000
00000001111111011111100000000000
00000001111100001111111000000000
00000001111000000011111100000000
00000001110000000001111110000000
00000001111100000000011110000000
00000001111110000000001110000000
00000000111111110000001110000000
00000000001111111111111110000000
00000000000111111111111110000000
00000000000000111111111110000000
00000000000000000111000000000000
00000000000000000000000000000000
00000000000000000000000000000000
