00000000000000000000000000000000
00000000000000000000000000000000
00000000000000000000000000000000
00000000000000000000000000000000
00000000000000111110000000000000
00000000000011111111100000000000
00000000001111111111100000000000
00000000001111111111100000000000
00000000011111000111100000000000
00000000011110001111000000000000
00000000011110011111000000000000
00000000011110011111000000000000
00000000011111111110000000000000
00000000001111111100000000000000
00000000001111111100000000000000
00000000000111111100000000000000
00000000001111111110000000000000
00000000011111111111000000000000
00000000111111011111100000000000
00000000111110001111110000000000
00000000111100000111110000000000
00000000111000000011110000000000
00000000111100000011110000000000
00000000111110001111110000000000
00000000111111111111110000000000
00000000011111111111100000000000
00000000000111111110000000000000
00000000000000000000000000000000
00000000000000000000000000000000
00000000000000000000000000000000
00000000000000000000000000000000
00000000000000000000000000000000
