00000000000000000000000000000000
00000000000000000000000000000000
00000000000000000000000000000000
00000000001111110000000000000000
00000000011111111000000000000000
00000000111111111100000000000000
00000000111101111100000000000000
00000000111100111110000000000000
00000001111000011110000000000000
00000001111000011110000000000000
00000001110000011110000000000000
00000001111000111110000000000000
00000001111000111100000000000000
00000001111111111100000000000000
00000000111111111000000000000000
00000000011111111000000000000000
00000000001111111100000000000000
00000000001111111110000000000000
00000000011111111111000000000000
00000000111110011111000000000000
00000000111110001111100000000000
00000001111100000111100000000000
00000001111000000111100000000000
00000001111111000111100000000000
00000001111111111111100000000000
00000001111111111111100000000000
00000000000111111111000000000000
00000000000000000000000000000000
00000000000000000000000000000000
00000000000000000000000000000000
00000000000000000000000000000000
00000000000000000000000000000000
