00000000000000000000000000000000
00000000000000000000000000000000
00000000000000000000000000000000
00000000011111111111100000000000
00000000111111111111110000000000
00000000111111111111110000000000
00000000111100000011110000000000
00000000111000000011100000000000
00000000111100001111100000000000
00000000111100001111100000000000
00000000011110011111000000000000
00000000011110111110000000000000
00000000001111111100000000000000
00000000001111111000000000000000
00000000000111110000000000000000
00000000001111110000000000000000
00000000001111111000000000000000
00000000011111111111000000000000
00000000011110111111100000000000
00000000011100001111110000000000
00000000011100000011111100000000
00000000011110000001111110000000
00000000001110000000111111100000
00000000001110000000001111100000
00000000001111000000000111100000
00000000001111100000000111100000
00000000000111111111111111100000
00000000000011111111111111000000
00000000000001111111111110000000
00000000000000000000000000000000
00000000000000000000000000000000
00000000000000000000000000000000
