00000000000000000000000000000000
00000000000000000000000000000000
00000000001111111000000000000000
00000000111111111100000000000000
00000001111111111100000000000000
00000111111110111100000000000000
00000111111000000000000000000000
00001111110000000111000000000000
00011111000000001111000000000000
00011110000000011111000000000000
00011110000000011111000000000000
00011100000000111110000000000000
00011100000011111100000000000000
00011100000111111100000000000000
00011110001111110000000000000000
00011111011111100000000000000000
00011111111111000000000000000000
00001111111110000000000000000000
00000111111111000000000000000000
00000111111111111000000000000000
00001111111111111110000000000000
00001111000111111111100000000000
00001111000000111111110000000000
00001111000000000111110000000000
00001111110000000011110000000000
00000111111000000011110000000000
00000011111110000111110000000000
00000001111111101111100000000000
00000000011111111111100000000000
00000000001111111111000000000000
00000000000011111110000000000000
00000000000000000000000000000000
