00000000000000000000000000000000
00000000000000000000000000000000
00000000000001111110000000000000
00000000001111111111100000000000
00000000011111111111110000000000
00000000111111111111110000000000
00000001111110000011110000000000
00000001111000000011110000000000
00000001111000000011110000000000
00000001110000000111110000000000
00000001111000001111100000000000
00000001111100011111000000000000
00000000111100011111000000000000
00000000111111111100000000000000
00000000011111111000000000000000
00000000001111111110000000000000
00000000001111111111000000000000
00000000011111111111100000000000
00000000011111001111110000000000
00000000111110000111110000000000
00000000111100000011110000000000
00000000111100000001110000000000
00000000111000000001110000000000
00000000111000000011110000000000
00000000111000000011110000000000
00000000111000000111110000000000
00000000111101111111100000000000
00000000111111111111100000000000
00000000111111111110000000000000
00000000011111110000000000000000
00000000000000000000000000000000
00000000000000000000000000000000
