00000000000000000000000000000000
00000000000000000000000000000000
00000000111111111100000000000000
00000001111111111111000000000000
00000011111111111111000000000000
00000011111000011111100000000000
00000111110000000111100000000000
00000111100000000011100000000000
00000111100000000011100000000000
00000111110000000011100000000000
00000111111100000011100000000000
00000011111111000111100000000000
00000001111111111111100000000000
00000000011111111111000000000000
00000000000011111111000000000000
00000000000001111110000000000000
00000000000111111110000000000000
00000000001111111110000000000000
00000000011111101110000000000000
00000001111110001110000000000000
00000001111100001110000000000000
00000011111000001110000000000000
00000111110000001110000000000000
00001111100000001110000000000000
00001111000000011110000000000000
00001111000000111110000000000000
00001110000001111100000000000000
00001110000001111100000000000000
00001111000111111000000000000000
00001111111111110000000000000000
00001111111111100000000000000000
00000111111111000000000000000000
