00000000000000000000000000000000
00000000000000000000000000000000
00000000000000000000000000000000
00000000000000000000000000000000
00000000011110000000000000000000
00000000111111111110000000000000
00000001111111111111000000000000
00000011111111111111000000000000
00000011111000001111000000000000
00000011110000000111000000000000
00000011110000001111000000000000
00000011110000011111000000000000
00000011111000011110000000000000
00000001111101111110000000000000
00000000111111111100000000000000
00000000011111111000000000000000
00000000111111110000000000000000
00000001111111111000000000000000
00000001111111111100000000000000
00000001111000111110000000000000
00000001110000011111000000000000
00000001110000001111100000000000
00000001111000000111100000000000
00000001111110000111100000000000
00000001111111110111100000000000
00000000011111111111100000000000
00000000000111111111000000000000
00000000000000111110000000000000
00000000000000000000000000000000
00000000000000000000000000000000
00000000000000000000000000000000
00000000000000000000000000000000
