00000000000000000000000000000000
00000000001111100000000000000000
00000000011111111100000000000000
00000001111111111111000000000000
00000011111111111111100000000000
00000011111000001111100000000000
00000111110000000111100000000000
00000111100000000011100000000000
00000111100000000011100000000000
00000111100000000111100000000000
00000111110000001111100000000000
00000111110000011111000000000000
00000011111101111111000000000000
00000001111111111100000000000000
00000000111111111100000000000000
00000000001111111100000000000000
00000000001111111110000000000000
00000000011111111111000000000000
00000000011111001111000000000000
00000000111110000111100000000000
00000001111100000111100000000000
00000001111000000011100000000000
00000001111000000011100000000000
00000001110000000011100000000000
00000001110000000011100000000000
00000001110000000111100000000000
00000001110000001111100000000000
00000001111111111111000000000000
00000001111111111111000000000000
00000001111111111110000000000000
00000000000000000000000000000000
00000000000000000000000000000000
