00000000000000000000000000000000
00000000000000000000000000000000
00000000000000000000000000000000
00000000000011111100000000000000
00000000000111111100000000000000
00000000001111111110000000000000
00000000011111111110000000000000
00000000011110111111000000000000
00000000011100001111000000000000
00000000011100000111000000000000
00000000011100001111000000000000
00000000011100011111000000000000
00000000011110111110000000000000
00000000011111111110000000000000
00000000001111111100000000000000
00000000000111111000000000000000
00000000011111111000000000000000
00000000011111111110000000000000
00000000011110111111000000000000
00000000011100011111100000000000
00000000011100000111110000000000
00000000011100000011111000000000
00000000011100000011111000000000
00000000011111100001111000000000
00000000011111111011111000000000
00000000011111111111110000000000
00000000000001111111110000000000
00000000000000000111100000000000
00000000000000000000000000000000
00000000000000000000000000000000
00000000000000000000000000000000
00000000000000000000000000000000
