00000000000000000000000000000000
00000000000111111110000000000000
00000000001111111111000000000000
00000000011111111111100000000000
00000000111111001111100000000000
00000000111100000111110000000000
00000000111000000011110000000000
00000000111000000011110000000000
00000000111000000001110000000000
00000000111100000001110000000000
00000000111111000011110000000000
00000000111111100111110000000000
00000000011111111111100000000000
00000000000111111111100000000000
00000000000001111111000000000000
00000000000001111111100000000000
00000000000011111111110000000000
00000000000011111011110000000000
00000000000111110011111000000000
00000000001111100001111100000000
00000000011111000000111100000000
00000000011110000000111100000000
00000000011100000000111100000000
00000000011100000001111100000000
00000000011100000001111000000000
00000000011100000011111000000000
00000000011110000111110000000000
00000000011111111111100000000000
00000000011111111111000000000000
00000000000111111110000000000000
00000000000001111000000000000000
00000000000000000000000000000000
