00000000000000000000000000000000
00000000000000000000000000000000
00000000000000000000000000000000
00000000000000000000000000000000
00000000111111111110000000000000
00000000111111111111100000000000
00000001111111111111110000000000
00000001111000000111110000000000
00000001110000000011110000000000
00000001110000000001110000000000
00000001110000000011110000000000
00000001111100000111110000000000
00000001111111111111100000000000
00000000111111111111100000000000
00000000001111111111000000000000
00000000001111111100000000000000
00000000011111111100000000000000
00000000111111011110000000000000
00000001111100011110000000000000
00000001111000001110000000000000
00000001111000001110000000000000
00000001110000001110000000000000
00000001110000001110000000000000
00000001111000011110000000000000
00000001111000011110000000000000
00000001111111111110000000000000
00000000111111111100000000000000
00000000111111111000000000000000
00000000000000000000000000000000
00000000000000000000000000000000
00000000000000000000000000000000
00000000000000000000000000000000
