00000000000000000000000000000000
00000000000000000000000000000000
00000000000000000000000000000000
00000000000000000000000000000000
00000000000000000000000000000000
00000000000000000000000000000000
00000000000001111111011100000000
00000000000111111111011100000000
00000000000111111111011100000000
00000000001111110000111100000000
00000000001111000000111100000000
00000000001111000001111100000000
00000000001110000001111000000000
00000000001110000011111000000000
00000000001110000011110000000000
00000000001111000111110000000000
00000000001111001111100000000000
00000000001111101111100000000000
00000000000111111111000000000000
00000000000111111110000000000000
00000000000011111100000000000000
00000000000001111110000000000000
00000000000001111111100000000000
00000000000001111111110000000000
00000000000011110111111100000000
00000000000011110011111110000000
00000000000011100001111111000000
00000000000011110000011111000000
00000000000011111111111111000000
00000000000011111111111110000000
00000000000001111111111100000000
00000000000000000000000000000000
