00000000000000000000000000000000
00000000000000000000000000000000
00000000000000000000000000000000
00000000000000000000000000000000
00000000000111111111000000000000
00000000001111111111000000000000
00000000011111111111110000000000
00000000111111000111110000000000
00000000111100000111110000000000
00000000111100000011100000000000
00000000111000000011100000000000
00000000111000000111100000000000
00000000111100001111100000000000
00000000111110011111100000000000
00000000111111111111000000000000
00000000011111111110000000000000
00000000001111111100000000000000
00000000001111111110000000000000
00000000011111111111100000000000
00000000011110011111110000000000
00000000011100000111111000000000
00000000011100000011111000000000
00000000011110000011111000000000
00000000011111111111111000000000
00000000011111111111111000000000
00000000001111111111100000000000
00000000000000000000000000000000
00000000000000000000000000000000
00000000000000000000000000000000
00000000000000000000000000000000
00000000000000000000000000000000
00000000000000000000000000000000
