00000000000000000000000000000000
00000000000000000000000000000000
00000000000000000000000000000000
00000000001111111110000000000000
00000000011111111111100000000000
00000000111111111111100000000000
00000000111110001111110000000000
00000000111100000011110000000000
00000000111000000011110000000000
00000000111000000011110000000000
00000000111000000011100000000000
00000000111100000111100000000000
00000000111110001111100000000000
00000000111111001111000000000000
00000000011111111111000000000000
00000000001111111110000000000000
00000000000111111111000000000000
00000000001111111111100000000000
00000000011111101111100000000000
00000000011111000111110000000000
00000000011110000011110000000000
00000000011100000011110000000000
00000000011100000011110000000000
00000000011100000011110000000000
00000000011100000111110000000000
00000000011110001111100000000000
00000000011111111111100000000000
00000000011111111111000000000000
00000000001111111110000000000000
00000000000111111000000000000000
00000000000000000000000000000000
00000000000000000000000000000000
