00000000000000000000000000000000
00000000000000000000000000000000
00000000000000000000000000000000
00000000000011111100000000000000
00000000001111111100000000000000
00000000111111111100000000000000
00000001111111111100000000000000
00000011111110011100000000000000
00000011111000011100000000000000
00000111110000011100000000000000
00000111100000011100000000000000
00000111100000111100000000000000
00000111100001111100000000000000
00000111100001111100000000000000
00000111111111111100000000000000
00000011111111111000000000000000
00000011111111111000000000000000
00000000111111111000000000000000
00000000000011111000000000000000
00000000000011111000000000000000
00000000000011110000000000000000
00000000000011110000000000000000
00000000000011110000000000000000
00000000000011110000000000000000
00000000000011110000000000000000
00000000000011110000000000000000
00000000000011110000000000000000
00000000000011110000000000000000
00000000000011100000000000000000
00000000000000000000000000000000
00000000000000000000000000000000
00000000000000000000000000000000
