00000000000000000000000000000000
00000000001111100000000000000000
00000000011111111100000000000000
00000000111111111110000000000000
00000001111111111110000000000000
00000001111100011110000000000000
00000011111000001110000000000000
00000011110000001110000000000000
00000111100000001110000000000000
00000111100000001110000000000000
00000111100000011110000000000000
00000111100000011110000000000000
00000111100000011110000000000000
00000111110000111110000000000000
00000011111101111110000000000000
00000001111111111110000000000000
00000000111111111100000000000000
00000000011111111100000000000000
00000000000000011100000000000000
00000000000000011100000000000000
00000000000000011100000000000000
00000000000000011100000000000000
00000000000000011100000000000000
00000000000000011100000000000000
00000000000000011100000000000000
00000000000000011100000000000000
00000000000000011100000000000000
00000000000000011100000000000000
00000000000000011110000000000000
00000000000000011110000000000000
00000000000000011110000000000000
00000000000000000000000000000000
