00000000000000000000000000000000
00000000000000000000000000000000
00000000000000000000000000000000
00000000000111111111000000000000
00000000001111111111100000000000
00000000011111111111100000000000
00000000111111000111100000000000
00000001111110000111100000000000
00000011111100000111100000000000
00000011110000000111100000000000
00000011110000000111100000000000
00000011100000000111100000000000
00000011100000001111100000000000
00000011100000011111000000000000
00000011110000111111000000000000
00000011111001111110000000000000
00000011111111111110000000000000
00000001111111111110000000000000
00000000111111111110000000000000
00000000000000011110000000000000
00000000000000011110000000000000
00000000000000011100000000000000
00000000000000011100000000000000
00000000000000011100000000000000
00000000000000011100000000000000
00000000000000011100000000000000
00000000000000011100000000000000
00000000000000011100000000000000
00000000000000011100000000000000
00000000000000011100000000000000
00000000000000011100000000000000
00000000000000000000000000000000
