00000000000000000000000000000000
00000000000000000000000000000000
00000000001111110000000000000000
00000000011111111000000000000000
00000000111111111000000000000000
00000001111100111000000000000000
00000001111000111000000000000000
00000011110000111111000000000000
00000011110000111111000000000000
00000011100000001111000000000000
00000111100000001111000000000000
00000111100000001111000000000000
00000111000000001111000000000000
00000111000000001111000000000000
00000111111000011111000000000000
00000111111111111111000000000000
00000011111111111111000000000000
00000000011111111100000000000000
00000000000000111100000000000000
00000000000000111100000000000000
00000000000000111000000000000000
00000000000000111000000000000000
00000000000000111000000000000000
00000000000001111000000000000000
00000000000001111000000000000000
00000000000001111000000000000000
00000000000001110000000000000000
00000000000001110000000000000000
00000000000000000000000000000000
00000000000000000000000000000000
00000000000000000000000000000000
00000000000000000000000000000000
