00000000000000000000000000000000
00000000000000000000000000000000
00000000000001111110000000000000
00000000000111111111110000000000
00000000001111111111110000000000
00000000111111100111110000000000
00000000111110000011110000000000
00000001111100000011100000000000
00000001111000000111100000000000
00000011110000000111100000000000
00000011110000000111100000000000
00000011100000001111000000000000
00000011100000001111000000000000
00000011100000011111000000000000
00000011100000011110000000000000
00000011100000111110000000000000
00000011100001111110000000000000
00000011111111111110000000000000
00000011111111111110000000000000
00000001111111111100000000000000
00000000000000011100000000000000
00000000000000011100000000000000
00000000000000011100000000000000
00000000000000011100000000000000
00000000000000011100000000000000
00000000000000011100000000000000
00000000000000011100000000000000
00000000000000011100000000000000
00000000000000011100000000000000
00000000000000011100000000000000
00000000000000011100000000000000
00000000000000011100000000000000
