00000000000000000000000000000000
00000000000111111000000000000000
00000000011111111111000000000000
00000001111111111111100000000000
00000011111111011111110000000000
00000111111100000111110000000000
00001111110000000011110000000000
00001111100000000111110000000000
00001111000000000111100000000000
00001110000000001111100000000000
00001110000000001111000000000000
00001110000000001111000000000000
00001111100000111111000000000000
00001111111011111110000000000000
00001111111111111110000000000000
00000011111111111100000000000000
00000000111111111100000000000000
00000000000001111000000000000000
00000000000011111000000000000000
00000000000011110000000000000000
00000000000111110000000000000000
00000000000111100000000000000000
00000000000111100000000000000000
00000000000111000000000000000000
00000000000111000000000000000000
00000000000000000000000000000000
00000000000000000000000000000000
00000000000000000000000000000000
00000000000000000000000000000000
00000000000000000000000000000000
00000000000000000000000000000000
00000000000000000000000000000000
