00000000000000000000000000000000
00000000000000000000000000000000
00000000000000000000000000000000
00000000000000000000000000000000
00000000000011111111000000000000
00000000001111111111000000000000
00000000011111111111000000000000
00000000011111000111000000000000
00000000111110000111000000000000
00000000111100000111000000000000
00000000111100001111000000000000
00000000111100001111000000000000
00000000111110011111000000000000
00000000111111111110000000000000
00000000011111111110000000000000
00000000001111111100000000000000
00000000000001111100000000000000
00000000000001111000000000000000
00000000000011111000000000000000
00000000000011110000000000000000
00000000000111100000000000000000
00000000001111100000000000000000
00000000001111000000000000000000
00000000011111000000000000000000
00000000011110000000000000000000
00000000011110000000000000000000
00000000011100000000000000000000
00000000000000000000000000000000
00000000000000000000000000000000
00000000000000000000000000000000
00000000000000000000000000000000
00000000000000000000000000000000
