00000000000000000000000000000000
00000000000000000000000000000000
00000000000000000000000000000000
00000000000011100000000000000000
00000000000111111100000000000000
00000000001111111100000000000000
00000000011111111111000000000000
00000000011110011111000000000000
00000000111100001111110000000000
00000000111100000111110000000000
00000001111000000111110000000000
00000001111000000111110000000000
00000011110000000111110000000000
00000011110000000011110000000000
00000011110000001111110000000000
00000011111110111111100000000000
00000001111111111111100000000000
00000001111111111111100000000000
00000000001111110011100000000000
00000000000000000111100000000000
00000000000000000111100000000000
00000000000000000111000000000000
00000000000000000111000000000000
00000000000000000111000000000000
00000000000000000111000000000000
00000000000000001111000000000000
00000000000000001111000000000000
00000000000000001110000000000000
00000000000000001110000000000000
00000000000000001110000000000000
00000000000000000000000000000000
00000000000000000000000000000000
