00000000000000000000000000000000
00000000000000000000000000000000
00000000000000000000000000000000
00000000000000000000000000000000
00000000011111111110000000000000
00000000111111111110000000000000
00000000111111111110000000000000
00000001111100001111110000000000
00000001111000001111110000000000
00000011110000001111110000000000
00000011110000001111110000000000
00000011100000000011110000000000
00000011100000000111100000000000
00000011100000001111100000000000
00000011100000011111000000000000
00000011100000111110000000000000
00000011111111111110000000000000
00000011111111111110000000000000
00000011111111111100000000000000
00000000000000011100000000000000
00000000000000111100000000000000
00000000000000111100000000000000
00000000000000111000000000000000
00000000000000111000000000000000
00000000000000111000000000000000
00000000000000111000000000000000
00000000000001111000000000000000
00000000000001111000000000000000
00000000000001111000000000000000
00000000000000000000000000000000
00000000000000000000000000000000
00000000000000000000000000000000
