00000000000000000000000000000000
00000000000000000000000000000000
00000000000000000000000000000000
00000000000000111110000000000000
00000000000000111111000000000000
00000000000011111111000000000000
00000000000111111111000000000000
00000000000111110000000000000000
00000000001111100011100000000000
00000000011111000011100000000000
00000000011110000111100000000000
00000000011100000111100000000000
00000000011100000111100000000000
00000000011100001111100000000000
00000000011100111111100000000000
00000000011111111111000000000000
00000000011111111111000000000000
00000000001111111110000000000000
00000000000000001110000000000000
00000000000000001110000000000000
00000000000000001110000000000000
00000000000000001110000000000000
00000000000000001110000000000000
00000000000000001110000000000000
00000000000000011110000000000000
00000000000000011100000000000000
00000000000000011100000000000000
00000000000000011100000000000000
00000000000000011100000000000000
00000000000000011100000000000000
00000000000000011100000000000000
00000000000000011100000000000000
